
**************************************************************************

   These are published data of the HERMES Collaboration.                  
   You are free to use these data in any publication. However, you must   
   make a reference to the following publication:                         

   A. Airapetian et al, Nucl. Phys. B 780 (2007) 1-27 

**************************************************************************



==========================================================================
				HELIUM
==========================================================================

--------------------------------------------------------------------------
                             pt2-dependance
					  
pt2(GeV2)  nu(GeV)      z      Q2(GeV2)      R        stat       syst
--------------------------------------------------------------------------

                                  pi+

  0.023     12.82      0.39      2.55      0.962      0.007      0.027
  0.073     13.82      0.40      2.62      0.973      0.008      0.028
  0.182     14.94      0.40      2.63      0.964      0.006      0.030
  0.383     15.89      0.42      2.62      0.951      0.010      0.028
  0.584     16.45      0.45      2.62      0.950      0.016      0.027
  0.787     16.68      0.49      2.63      0.981      0.026      0.028
  0.989     17.06      0.51      2.50      0.949      0.037      0.028
  1.229     17.41      0.54      2.58      0.939      0.047      0.027
  1.793     17.93      0.57      2.60      0.968      0.061      0.028

                                  K+

  0.023     12.86      0.38      2.68      0.967      0.015      0.028
  0.073     13.77      0.40      2.74      0.980      0.019      0.028
  0.185     14.51      0.40      2.64      0.962      0.012      0.027
  0.386     15.03      0.42      2.65      0.943      0.019      0.027
  0.585     15.62      0.46      2.69      0.917      0.029      0.026
  0.787     15.80      0.49      2.70      0.903      0.044      0.026
  0.981     16.35      0.53      2.76      0.979      0.066      0.028
  1.233     17.18      0.53      2.61      0.973      0.083      0.032
  1.779     17.96      0.58      2.50      0.879      0.097      0.026

                                 prot. 

  0.023     12.16      0.39      2.60      0.991      0.015      0.028
  0.073     12.91      0.40      2.74      0.980      0.019      0.028
  0.182     14.17      0.42      2.77      0.991      0.014      0.028
  0.384     15.34      0.44      2.79      0.993      0.023      0.028
  0.588     16.10      0.47      2.72      1.002      0.037      0.029
  0.790     16.44      0.48      2.65      1.006      0.056      0.031
  0.988     16.65      0.51      2.84      0.990      0.082      0.030
  1.227     16.62      0.55      2.93      1.120      0.110      0.032
  1.773     17.25      0.56      2.48      0.873      0.120      0.025

                                  pi-

  0.023     12.88      0.39      2.49      0.948      0.007      0.027
  0.073     13.83      0.40      2.54      0.967      0.009      0.028
  0.181     15.13      0.39      2.55      0.958      0.006      0.034
  0.383     16.19      0.40      2.58      0.941      0.011      0.028
  0.585     16.66      0.43      2.63      0.956      0.018      0.027
  0.786     17.02      0.45      2.55      0.969      0.029      0.028
  0.987     17.25      0.49      2.49      0.952      0.043      0.027
  1.221     17.55      0.52      2.47      0.924      0.053      0.027
  1.770     17.41      0.55      2.62      0.957      0.068      0.028

                                  K-

  0.023     13.18      0.34      2.55      0.937      0.022      0.027
  0.073     14.40      0.35      2.57      0.955      0.029      0.027
  0.186     15.06      0.35      2.51      0.955      0.019      0.027
  0.382     15.86      0.37      2.53      0.956      0.032      0.027
  0.587     16.95      0.41      2.54      0.887      0.049      0.026
  0.782     17.26      0.44      2.46      1.004      0.079      0.029
  0.984     17.36      0.47      2.31      0.862      0.110      0.026
  1.219     18.37      0.48      2.10      1.130      0.168      0.062
  1.824     19.56      0.52      2.10      0.788      0.165      0.026

                                 pbar 

  0.023     13.75      0.36      2.71      0.944      0.043      0.031
  0.073     14.67      0.37      2.64      0.886      0.047      0.029
  0.185     15.94      0.36      2.48      0.934      0.033      0.027
  0.383     17.14      0.38      2.48      0.961      0.055      0.028
  0.587     17.52      0.42      2.43      0.890      0.083      0.026
  0.787     18.01      0.42      2.37      1.006      0.144      0.029
  0.982     18.92      0.44      1.99      0.709      0.185      0.028
  1.235     18.21      0.48      2.22      1.302      0.357      0.048
  1.758     19.33      0.51      2.43      0.762      0.319      0.048
    		     
    		         
==========================================================================
    				NEON
==========================================================================

--------------------------------------------------------------------------
                             pt2-dependance
    					  
pt2(GeV2)  nu(GeV)      z      Q2(GeV2)      R        stat       syst
--------------------------------------------------------------------------

                                  pi+

  0.023     12.92      0.39      2.57      0.874      0.004      0.025
  0.073     13.91      0.40      2.64      0.894      0.005      0.025
  0.182     15.05      0.40      2.62      0.894      0.004      0.029
  0.384     15.88      0.41      2.65      0.888      0.006      0.026
  0.585     16.35      0.45      2.67      0.895      0.010      0.026
  0.786     16.77      0.47      2.64      0.916      0.017      0.027
  0.988     16.98      0.51      2.58      0.923      0.025      0.027
  1.225     17.29      0.53      2.66      0.923      0.032      0.026
  1.790     17.75      0.56      2.74      1.028      0.043      0.030

                                  K+

  0.023     12.96      0.38      2.67      0.935      0.010      0.027
  0.073     13.72      0.39      2.73      0.920      0.012      0.026
  0.185     14.47      0.39      2.66      0.927      0.008      0.026
  0.385     14.98      0.41      2.67      0.937      0.013      0.027
  0.586     15.64      0.45      2.73      0.961      0.021      0.028
  0.787     16.05      0.48      2.71      0.997      0.032      0.029
  0.986     16.38      0.51      2.70      0.966      0.045      0.028
  1.220     16.80      0.54      2.68      1.003      0.058      0.029
  1.796     17.59      0.57      2.67      1.097      0.076      0.033

                                 prot. 

  0.023     12.17      0.38      2.58      0.995      0.011      0.029
  0.073     13.00      0.40      2.71      0.998      0.013      0.029
  0.182     14.23      0.41      2.78      0.993      0.009      0.029
  0.386     15.44      0.43      2.72      1.033      0.016      0.030
  0.587     16.08      0.45      2.71      1.093      0.027      0.032
  0.786     16.48      0.47      2.60      1.110      0.041      0.032
  0.989     16.68      0.49      2.66      1.142      0.063      0.038
  1.226     17.02      0.51      2.59      1.187      0.081      0.036
  1.784     16.93      0.56      2.78      1.267      0.106      0.036

                                  pi-

  0.023     12.97      0.39      2.51      0.859      0.005      0.025
  0.073     14.01      0.40      2.55      0.888      0.006      0.026
  0.181     15.22      0.39      2.54      0.885      0.004      0.035
  0.383     16.19      0.39      2.58      0.886      0.007      0.027
  0.585     16.76      0.42      2.61      0.900      0.012      0.026
  0.787     16.99      0.45      2.55      0.935      0.020      0.028
  0.988     17.29      0.48      2.56      0.931      0.029      0.027
  1.224     17.20      0.51      2.48      0.932      0.036      0.027
  1.783     17.97      0.54      2.62      1.058      0.050      0.031

                                  K-

  0.023     13.27      0.34      2.49      0.873      0.015      0.025
  0.073     14.29      0.35      2.60      0.882      0.018      0.025
  0.184     15.19      0.35      2.51      0.869      0.013      0.025
  0.383     15.96      0.37      2.54      0.891      0.021      0.025
  0.585     16.75      0.40      2.51      0.898      0.034      0.026
  0.784     17.76      0.42      2.50      0.838      0.049      0.024
  0.985     17.38      0.47      2.54      0.922      0.079      0.028
  1.232     18.40      0.50      2.28      0.940      0.103      0.032
  1.834     18.73      0.50      2.38      0.883      0.116      0.027

                                 pbar 

  0.023     13.66      0.35      2.64      0.781      0.026      0.023
  0.073     14.78      0.36      2.63      0.768      0.029      0.023
  0.185     16.04      0.36      2.47      0.788      0.020      0.026
  0.383     17.05      0.37      2.40      0.806      0.033      0.027
  0.586     17.70      0.41      2.39      0.820      0.054      0.028
  0.785     17.83      0.44      2.34      0.880      0.090      0.029
  0.986     18.88      0.44      2.41      0.864      0.140      0.034
  1.224     18.46      0.47      2.32      1.237      0.245      0.035
  1.904     18.99      0.52      2.33      1.031      0.250      0.054
    			

==========================================================================
    				KRYPTON
==========================================================================

--------------------------------------------------------------------------
                             pt2-dependance
    					       
pt2(GeV2)  nu(GeV)      z      Q2(GeV2)      R        stat       syst
--------------------------------------------------------------------------

                                  pi+

  0.023     13.12      0.38      2.58      0.679      0.005      0.019
  0.073     14.12      0.39      2.65      0.686      0.006      0.020
  0.183     15.30      0.38      2.61      0.716      0.004      0.025
  0.384     16.10      0.40      2.66      0.752      0.007      0.023
  0.585     16.52      0.43      2.67      0.791      0.012      0.023
  0.786     16.77      0.46      2.67      0.835      0.020      0.024
  0.989     17.06      0.49      2.66      0.867      0.030      0.025
  1.224     17.33      0.51      2.70      0.921      0.040      0.027
  1.786     18.11      0.54      2.69      1.125      0.057      0.033

                                  K+

  0.022     13.08      0.38      2.67      0.832      0.009      0.024
  0.073     14.01      0.38      2.73      0.834      0.012      0.024
  0.186     14.64      0.38      2.64      0.887      0.008      0.025
  0.385     15.14      0.40      2.64      0.932      0.013      0.027
  0.586     15.64      0.43      2.76      0.937      0.020      0.029
  0.787     16.08      0.46      2.74      0.940      0.031      0.031
  0.988     16.52      0.49      2.76      1.026      0.047      0.031
  1.225     17.00      0.52      2.65      1.050      0.057      0.035
  1.787     17.43      0.55      2.68      1.257      0.081      0.037

                                 prot. 

  0.023     12.33      0.37      2.55      0.936      0.010      0.034
  0.073     13.19      0.39      2.72      0.954      0.013      0.029
  0.183     14.46      0.40      2.74      0.953      0.009      0.031
  0.386     15.69      0.41      2.71      1.051      0.016      0.042
  0.587     16.31      0.43      2.69      1.180      0.028      0.050
  0.789     16.44      0.45      2.78      1.270      0.044      0.052
  0.986     16.72      0.47      2.70      1.380      0.070      0.073
  1.223     16.69      0.51      2.69      1.505      0.095      0.077
  1.826     17.05      0.53      2.80      1.933      0.147      0.142

                                  pi-

  0.023     13.07      0.38      2.53      0.726      0.004      0.021
  0.073     14.11      0.39      2.57      0.763      0.005      0.022
  0.182     15.36      0.38      2.56      0.764      0.004      0.033
  0.383     16.31      0.38      2.57      0.794      0.007      0.025
  0.585     16.79      0.41      2.58      0.832      0.011      0.026
  0.786     17.12      0.44      2.57      0.867      0.018      0.026
  0.987     17.28      0.48      2.59      0.881      0.027      0.026
  1.224     17.58      0.49      2.57      0.973      0.037      0.029
  1.796     18.10      0.53      2.54      1.082      0.050      0.032

                                  K-

  0.023     13.46      0.34      2.55      0.727      0.013      0.021
  0.073     14.51      0.34      2.53      0.762      0.017      0.022
  0.186     15.32      0.34      2.50      0.794      0.012      0.023
  0.384     16.04      0.36      2.56      0.799      0.019      0.023
  0.582     16.86      0.39      2.56      0.808      0.031      0.023
  0.787     17.32      0.43      2.47      0.851      0.049      0.025
  0.984     17.93      0.43      2.49      0.917      0.079      0.028
  1.229     17.77      0.49      2.70      0.907      0.096      0.035
  1.810     18.56      0.53      2.25      0.912      0.119      0.048

                                 pbar 

  0.023     13.85      0.34      2.57      0.592      0.020      0.050
  0.073     14.89      0.35      2.57      0.609      0.024      0.029
  0.184     16.11      0.35      2.48      0.637      0.016      0.041
  0.384     17.20      0.37      2.39      0.702      0.029      0.026
  0.583     17.91      0.39      2.38      0.744      0.051      0.053
  0.790     17.67      0.43      2.42      0.810      0.082      0.038
  0.988     18.41      0.46      2.59      0.719      0.111      0.075
  1.232     18.66      0.47      2.42      0.825      0.158      0.085
  1.867     18.52      0.53      2.67      1.074      0.228      0.158
    			    
    			      
==========================================================================
    				XENON
==========================================================================

--------------------------------------------------------------------------
                             pt2-dependance

pt2(GeV2)  nu(GeV)      z      Q2(GeV2)      R        stat       syst
--------------------------------------------------------------------------

                                  pi+

  0.023     13.12      0.38      2.58      0.679      0.005      0.019
  0.073     14.12      0.39      2.65      0.686      0.006      0.020
  0.183     15.30      0.38      2.61      0.716      0.004      0.025
  0.384     16.10      0.40      2.66      0.752      0.007      0.023
  0.585     16.52      0.43      2.67      0.791      0.012      0.023
  0.786     16.77      0.46      2.67      0.835      0.020      0.024
  0.989     17.06      0.49      2.66      0.867      0.030      0.025
  1.224     17.33      0.51      2.70      0.921      0.040      0.027
  1.786     18.11      0.54      2.69      1.125      0.057      0.033

                                  K+

  0.023     13.10      0.38      2.65      0.779      0.012      0.023
  0.073     14.03      0.38      2.71      0.793      0.014      0.023
  0.186     14.73      0.38      2.62      0.840      0.010      0.024
  0.384     15.23      0.39      2.63      0.909      0.017      0.027
  0.588     15.75      0.43      2.81      0.938      0.026      0.029
  0.786     16.16      0.46      2.70      0.970      0.040      0.028
  0.987     16.38      0.48      2.73      1.123      0.063      0.032
  1.233     16.79      0.51      2.74      1.138      0.076      0.032
  1.768     17.79      0.54      2.61      1.292      0.104      0.038

                                 prot. 

  0.023     12.35      0.37      2.57      0.900      0.013      0.031
  0.073     13.26      0.38      2.69      0.927      0.016      0.027
  0.184     14.48      0.39      2.74      0.931      0.011      0.029
  0.385     15.72      0.41      2.68      1.052      0.020      0.040
  0.587     16.35      0.43      2.58      1.164      0.034      0.041
  0.783     16.59      0.45      2.71      1.291      0.056      0.045
  0.988     16.78      0.47      2.64      1.518      0.094      0.076
  1.231     16.70      0.48      2.72      1.544      0.121      0.079
  1.825     17.28      0.53      2.69      1.914      0.181      0.177

                                  pi-

  0.023     13.07      0.38      2.53      0.675      0.005      0.020
  0.073     14.19      0.39      2.56      0.706      0.006      0.020
  0.182     15.37      0.38      2.57      0.719      0.004      0.033
  0.384     16.33      0.38      2.57      0.764      0.008      0.024
  0.585     16.90      0.41      2.60      0.799      0.014      0.026
  0.786     17.17      0.44      2.58      0.862      0.023      0.026
  0.987     17.38      0.47      2.61      0.879      0.035      0.026
  1.224     17.40      0.50      2.64      0.935      0.046      0.028
  1.785     18.16      0.53      2.51      1.066      0.062      0.032

                                  K-

  0.022     13.45      0.34      2.52      0.702      0.016      0.020
  0.074     14.60      0.34      2.52      0.695      0.020      0.020
  0.185     15.17      0.34      2.53      0.762      0.015      0.023
  0.383     15.99      0.35      2.52      0.752      0.023      0.022
  0.587     17.08      0.38      2.56      0.749      0.038      0.021
  0.784     16.98      0.41      2.80      0.825      0.061      0.025
  0.990     17.67      0.47      2.45      0.881      0.099      0.028
  1.224     18.24      0.46      2.19      0.998      0.131      0.029
  1.768     18.67      0.51      2.41      1.061      0.174      0.049

                                 pbar 

  0.023     13.90      0.35      2.58      0.479      0.022      0.027
  0.074     15.07      0.34      2.60      0.558      0.029      0.066
  0.183     16.14      0.35      2.45      0.549      0.019      0.027
  0.385     17.02      0.37      2.49      0.641      0.035      0.040
  0.590     17.77      0.39      2.43      0.730      0.064      0.037
  0.793     18.40      0.42      2.31      0.966      0.117      0.052
  0.992     18.56      0.46      2.23      0.768      0.146      0.097
  1.234     19.23      0.47      2.53      0.827      0.201      0.041
  1.777     17.85      0.51      2.73      0.721      0.214      0.154
				   
				  


