
**************************************************************************

   These are published data of the HERMES Collaboration.                  
   You are free to use these data in any publication. However, you must   
   make a reference to the following publication:                         

   A. Airapetian et al, Nucl. Phys. B 780 (2007) 1-27 

**************************************************************************


==========================================================================
				HELIUM
==========================================================================

--------------------------------------------------------------------------
                             nu-dependance
					
 nu(GeV)     z      Q2(GeV2)   pt2(GeV2)     R        stat       syst
--------------------------------------------------------------------------

  5.32      0.71      1.89      0.375      0.972      0.094      0.029
  7.19      0.60      2.00      0.212      0.968      0.041      0.029
  9.13      0.53      2.19      0.169      1.006      0.026      0.031
 11.08      0.48      2.39      0.160      0.966      0.019      0.030
 13.04      0.44      2.54      0.179      0.995      0.017      0.031
 15.02      0.41      2.70      0.200      0.980      0.016      0.031
 16.99      0.38      2.68      0.239      0.984      0.016      0.031
 18.98      0.35      2.56      0.271      0.999      0.019      0.032
 21.56      0.33      2.18      0.338      0.999      0.019      0.032
 
--------------------------------------------------------------------------
                             z-dependance
    				
   z      nu(GeV)   Q2(GeV2)   pt2(GeV2)     R        stat       syst
--------------------------------------------------------------------------

  0.17     19.79      2.38      0.101      0.954      0.022      0.033
  0.25     17.53      2.57      0.162      0.989      0.013      0.033
  0.35     16.14      2.63      0.218      0.989      0.014      0.033
  0.45     15.17      2.68      0.265      0.961      0.015      0.031
  0.55     14.50      2.69      0.300      0.994      0.019      0.031
  0.65     13.92      2.66      0.338      0.985      0.023      0.030
  0.74     12.93      2.62      0.328      1.003      0.031      0.030
  0.85     11.88      2.63      0.313      0.961      0.042      0.028
  0.96     10.83      2.58      0.318      1.034      0.061      0.030
  
--------------------------------------------------------------------------
                             Q2-dependance
    				
 Q2(GeV2)   nu(GeV)       z      pt2(GeV2)      R        stat       syst
--------------------------------------------------------------------------

  1.34     15.89      0.40      0.248      0.969      0.015      0.031
  1.89     15.71      0.41      0.234      0.986      0.018      0.031
  2.62     15.85      0.41      0.229      0.992      0.017      0.031
  3.67     15.92      0.41      0.226      0.988      0.024      0.031
  4.67     15.97      0.41      0.210      1.000      0.033      0.032
  5.71     15.77      0.41      0.214      0.999      0.044      0.031
  7.07     15.52      0.41      0.204      1.026      0.050      0.032
  9.66     15.33      0.43      0.174      0.975      0.079      0.031
  
--------------------------------------------------------------------------
                             pt2-dependance
    				
pt2(GeV2)  nu(GeV)      z      Q2(GeV2)      R        stat       syst
--------------------------------------------------------------------------

  0.024     13.89      0.38      2.71      1.008      0.015      0.032
  0.073     15.24      0.38      2.69      0.980      0.017      0.031
  0.184     16.35      0.40      2.61      0.982      0.011      0.031
  0.384     16.96      0.43      2.58      0.972      0.018      0.031
  0.586     17.16      0.46      2.61      0.997      0.027      0.031
  0.787     17.38      0.50      2.54      0.974      0.039      0.030
  0.987     17.14      0.52      2.57      0.911      0.053      0.028
  1.229     17.43      0.54      2.62      0.979      0.068      0.030
  1.813     17.75      0.58      2.61      0.982      0.079      0.030
    				

==========================================================================
    				NEON
==========================================================================

--------------------------------------------------------------------------
                             nu-dependance
    				
 nu(GeV)     z      Q2(GeV2)   pt2(GeV2)     R        stat       syst
--------------------------------------------------------------------------

  5.35      0.69      1.88      0.370      0.821      0.057      0.024
  7.21      0.59      2.00      0.215      0.851      0.026      0.026
  9.14      0.53      2.19      0.168      0.860      0.016      0.026
 11.08      0.47      2.41      0.161      0.887      0.012      0.028
 13.04      0.43      2.59      0.176      0.888      0.011      0.028
 15.01      0.41      2.70      0.204      0.918      0.010      0.029
 16.99      0.38      2.68      0.241      0.914      0.011      0.029
 18.98      0.36      2.53      0.281      0.918      0.012      0.029
 21.58      0.33      2.19      0.346      0.935      0.013      0.030
 
--------------------------------------------------------------------------
                             z-dependance
    				
   z      nu(GeV)   Q2(GeV2)   pt2(GeV2)     R        stat       syst
--------------------------------------------------------------------------

  0.17     19.75      2.37      0.103      0.924      0.014      0.032
  0.25     17.56      2.57      0.165      0.924      0.009      0.031
  0.35     16.12      2.63      0.225      0.900      0.009      0.030
  0.45     15.26      2.66      0.274      0.897      0.010      0.029
  0.55     14.64      2.69      0.310      0.891      0.012      0.028
  0.64     13.89      2.68      0.331      0.908      0.015      0.028
  0.74     13.08      2.72      0.338      0.901      0.020      0.027
  0.84     11.91      2.59      0.316      0.846      0.026      0.025
  0.96     10.79      2.51      0.309      0.791      0.035      0.023
  
--------------------------------------------------------------------------
                             Q2-dependance
    				
 Q2(GeV2)   nu(GeV)       z      pt2(GeV2)      R        stat       syst
--------------------------------------------------------------------------

  1.32     15.93      0.40      0.254      0.886      0.010      0.028
  1.87     15.85      0.40      0.243      0.909      0.012      0.029
  2.63     15.95      0.40      0.232      0.915      0.011      0.029
  3.66     16.01      0.41      0.222      0.919      0.016      0.029
  4.69     15.91      0.41      0.213      0.931      0.022      0.029
  5.69     15.64      0.41      0.218      0.942      0.030      0.030
  7.06     15.55      0.42      0.215      0.944      0.033      0.030
  9.64     15.20      0.42      0.181      0.921      0.053      0.029
  
--------------------------------------------------------------------------
                             pt2-dependance
    				
pt2(GeV2)  nu(GeV)      z      Q2(GeV2)      R        stat       syst
--------------------------------------------------------------------------

  0.024     13.95      0.38      2.75      0.898      0.009      0.029
  0.073     15.27      0.38      2.69      0.906      0.011      0.029
  0.184     16.36      0.39      2.61      0.894      0.007      0.028
  0.384     17.06      0.42      2.56      0.904      0.012      0.028
  0.586     17.25      0.45      2.56      0.938      0.018      0.029
  0.787     17.33      0.49      2.60      0.903      0.026      0.028
  0.987     17.59      0.51      2.57      0.901      0.036      0.028
  1.229     17.74      0.53      2.50      0.988      0.047      0.030
  1.794     17.77      0.58      2.53      0.985      0.054      0.030
    				

==========================================================================
    				KRYPTON
==========================================================================

--------------------------------------------------------------------------
                             nu-dependance
    				
 nu(GeV)     z      Q2(GeV2)   pt2(GeV2)     R        stat       syst
--------------------------------------------------------------------------

  5.36      0.71      1.86      0.399      0.626      0.044      0.019
  7.22      0.60      2.00      0.231      0.675      0.021      0.021
  9.14      0.52      2.19      0.175      0.676      0.013      0.021
 11.09      0.47      2.39      0.168      0.722      0.010      0.022
 13.04      0.43      2.59      0.180      0.755      0.009      0.024
 15.01      0.41      2.67      0.211      0.757      0.008      0.024
 16.99      0.38      2.64      0.248      0.786      0.009      0.025
 18.97      0.35      2.56      0.289      0.818      0.010      0.026
 21.55      0.33      2.18      0.351      0.868      0.012      0.028
 
--------------------------------------------------------------------------
                             z-dependance
    				
   z      nu(GeV)   Q2(GeV2)   pt2(GeV2)     R        stat       syst
--------------------------------------------------------------------------

  0.17     19.76      2.41      0.106      0.853      0.013      0.029
  0.25     17.65      2.58      0.170      0.823      0.007      0.028
  0.35     16.28      2.63      0.232      0.794      0.007      0.026
  0.45     15.43      2.66      0.289      0.765      0.008      0.024
  0.55     14.79      2.66      0.328      0.740      0.010      0.023
  0.64     14.03      2.71      0.352      0.728      0.012      0.022
  0.74     13.08      2.67      0.341      0.689      0.015      0.021
  0.84     12.18      2.70      0.328      0.650      0.020      0.019
  0.96     10.80      2.53      0.335      0.588      0.026      0.017
  
--------------------------------------------------------------------------
                             Q2-dependance
    				
 Q2(GeV2)   nu(GeV)       z      pt2(GeV2)      R        stat       syst
--------------------------------------------------------------------------

  1.33     16.07      0.40      0.260      0.790      0.008      0.025
  1.86     15.97      0.40      0.251      0.766      0.010      0.024
  2.63     16.12      0.40      0.242      0.782      0.009      0.025
  3.66     16.25      0.40      0.236      0.800      0.013      0.025
  4.68     16.08      0.40      0.226      0.809      0.018      0.026
  5.70     15.90      0.41      0.221      0.793      0.024      0.025
  7.07     15.63      0.41      0.219      0.816      0.028      0.026
  9.72     15.19      0.42      0.208      0.804      0.046      0.025
  
--------------------------------------------------------------------------
                             pt2-dependance
    				
pt2(GeV2)  nu(GeV)      z      Q2(GeV2)      R        stat       syst
--------------------------------------------------------------------------

  0.024     14.03      0.38      2.71      0.753      0.008      0.024
  0.073     15.39      0.38      2.68      0.759      0.009      0.024
  0.184     16.53      0.39      2.61      0.771      0.006      0.024
  0.385     17.22      0.41      2.59      0.784      0.010      0.025
  0.587     17.33      0.45      2.60      0.792      0.015      0.025
  0.787     17.41      0.48      2.61      0.795      0.022      0.025
  0.988     17.55      0.50      2.60      0.829      0.031      0.026
  1.225     17.66      0.53      2.58      0.865      0.039      0.026
  1.818     17.66      0.57      2.61      0.965      0.048      0.030
    				
    				
==========================================================================
    				XENON
==========================================================================

--------------------------------------------------------------------------
                             nu-dependance
    				
 nu(GeV)     z      Q2(GeV2)   pt2(GeV2)     R        stat       syst
--------------------------------------------------------------------------

  5.28      0.71      1.83      0.427      0.573      0.055      0.017
  7.19      0.60      1.97      0.236      0.604      0.025      0.018
  9.12      0.53      2.22      0.179      0.624      0.016      0.019
 11.08      0.47      2.39      0.172      0.630      0.012      0.020
 13.04      0.44      2.59      0.179      0.693      0.011      0.022
 15.02      0.41      2.70      0.212      0.708      0.010      0.022
 16.99      0.38      2.71      0.250      0.733      0.011      0.023
 18.98      0.36      2.53      0.296      0.786      0.013      0.025
 21.56      0.33      2.18      0.363      0.799      0.014      0.026
 
--------------------------------------------------------------------------
                             z-dependance
    				
   z      nu(GeV)   Q2(GeV2)   pt2(GeV2)     R        stat       syst
--------------------------------------------------------------------------

  0.17     19.77      2.41      0.105      0.761      0.016      0.026
  0.25     17.71      2.56      0.175      0.758      0.009      0.025
  0.35     16.35      2.64      0.237      0.739      0.009      0.024
  0.45     15.50      2.70      0.297      0.713      0.010      0.023
  0.55     14.85      2.67      0.337      0.697      0.012      0.022
  0.64     14.11      2.70      0.346      0.657      0.015      0.020
  0.74     13.07      2.70      0.350      0.656      0.019      0.020
  0.84     12.02      2.75      0.305      0.605      0.025      0.018
  0.97     11.00      2.58      0.316      0.536      0.032      0.016
  
--------------------------------------------------------------------------
                             Q2-dependance
    				
 Q2(GeV2)   nu(GeV)       z      pt2(GeV2)      R        stat       syst
--------------------------------------------------------------------------

  1.33     16.11      0.39      0.265      0.711      0.010      0.023
  1.87     16.04      0.40      0.255      0.726      0.013      0.023
  2.62     16.23      0.40      0.251      0.731      0.012      0.023
  3.65     16.21      0.41      0.241      0.744      0.017      0.023
  4.67     16.16      0.41      0.234      0.763      0.023      0.024
  5.71     15.93      0.41      0.218      0.732      0.031      0.023
  7.04     15.64      0.40      0.214      0.789      0.036      0.025
  9.67     15.30      0.43      0.207      0.794      0.060      0.025
  
--------------------------------------------------------------------------
                             pt2-dependance
    				
pt2(GeV2)  nu(GeV)      z      Q2(GeV2)      R        stat       syst
--------------------------------------------------------------------------

  0.024     14.11      0.38      2.75      0.684      0.010      0.022
  0.073     15.41      0.38      2.72      0.701      0.011      0.022
  0.184     16.56      0.39      2.64      0.708      0.008      0.022
  0.385     17.19      0.41      2.55      0.734      0.012      0.023
  0.587     17.32      0.44      2.57      0.755      0.019      0.024
  0.788     17.53      0.48      2.60      0.784      0.028      0.024
  0.987     17.70      0.50      2.62      0.812      0.040      0.025
  1.224     17.82      0.53      2.64      0.892      0.052      0.027
  1.818     18.29      0.55      2.54      0.948      0.064      0.029
					


