
**************************************************************************

   These are published data of the HERMES Collaboration.                  
   You are free to use these data in any publication. However, you must   
   make a reference to the following publication:                         

   A. Airapetian et al, Nucl. Phys. B 780 (2007) 1-27 

**************************************************************************


==========================================================================
    				HELIUM
==========================================================================

--------------------------------------------------------------------------
                             nu-dependance
    		     
 nu(GeV)     z      Q2(GeV2)   pt2(GeV2)     R        stat       syst
--------------------------------------------------------------------------

                                  pi+

  5.27      0.59      1.84      0.228      0.968      0.021      0.029
  7.14      0.51      2.02      0.153      0.970      0.012      0.031
  9.08      0.47      2.18      0.137      0.951      0.009      0.030
 11.02      0.44      2.38      0.141      0.958      0.008      0.031
 13.00      0.42      2.54      0.166      0.962      0.008      0.031
 14.98      0.40      2.61      0.194      0.969      0.008      0.030
 16.96      0.38      2.61      0.227      0.968      0.009      0.029
 18.96      0.36      2.49      0.271      0.964      0.011      0.028
 21.55      0.33      2.14      0.318      0.973      0.012      0.028

                                  K+

  5.30      0.59      1.89      0.308      0.937      0.048      0.027
  7.15      0.50      2.05      0.206      0.961      0.027      0.027
  9.09      0.45      2.22      0.170      0.956      0.020      0.027
 11.04      0.42      2.42      0.167      0.960      0.018      0.027
 13.00      0.40      2.59      0.180      0.957      0.017      0.027
 14.98      0.40      2.75      0.206      0.973      0.019      0.028
 16.97      0.39      2.74      0.249      0.966      0.021      0.028
 18.97      0.38      2.60      0.301      0.934      0.025      0.027
 21.53      0.35      2.18      0.353      0.968      0.029      0.028

                                 prot.

  5.14      0.57      1.95      0.226      1.037      0.032      0.030
  7.08      0.48      2.12      0.153      0.968      0.022      0.028
  9.02      0.44      2.30      0.140      1.005      0.021      0.029
 11.02      0.44      2.46      0.154      0.991      0.020      0.028
 13.00      0.43      2.71      0.184      1.005      0.020      0.029
 14.96      0.41      2.75      0.208      0.982      0.021      0.028
 16.98      0.40      2.71      0.258      1.017      0.025      0.029
 18.94      0.38      2.59      0.306      0.992      0.030      0.029
 21.57      0.36      2.18      0.366      0.956      0.033      0.028
 
--------------------------------------------------------------------------
                             z-dependance
    				   
   z      nu(GeV)   Q2(GeV2)   pt2(GeV2)     R        stat       syst
--------------------------------------------------------------------------

                                  pi+

  0.16     18.28      2.50      0.101      0.943      0.006      0.029
  0.25     15.73      2.63      0.154      0.961      0.006      0.031
  0.35     14.53      2.64      0.196      0.950      0.007      0.029
  0.45     14.05      2.63      0.237      0.969      0.009      0.028
  0.55     13.74      2.63      0.266      0.959      0.011      0.028
  0.65     13.37      2.58      0.277      0.992      0.014      0.029
  0.75     12.57      2.43      0.249      0.975      0.016      0.029
  0.85     11.76      2.36      0.205      1.020      0.021      0.039
  0.95     10.46      2.28      0.166      0.917      0.024      0.032

                                  K+

  0.16     18.42      2.42      0.117      0.962      0.015      0.028
  0.25     15.24      2.63      0.168      0.953      0.013      0.027
  0.35     14.11      2.67      0.206      0.978      0.015      0.028
  0.45     13.84      2.75      0.247      0.956      0.018      0.027
  0.55     13.77      2.74      0.273      0.945      0.021      0.027
  0.65     13.66      2.69      0.326      0.950      0.026      0.027
  0.75     12.81      2.67      0.304      0.947      0.033      0.027
  0.84     11.92      2.59      0.278      0.984      0.044      0.028
  0.95     11.18      2.54      0.238      0.936      0.064      0.027

    			     prot.

  0.19     19.83      2.01      0.110      1.046      0.054      0.030
  0.25     15.69      2.47      0.158      1.004      0.016      0.029
  0.35     13.45      2.72      0.183      0.975      0.015      0.028
  0.45     13.31      2.82      0.230      1.025      0.018      0.029
  0.55     13.38      2.86      0.277      0.949      0.023      0.028
  0.64     13.05      2.84      0.298      0.982      0.032      0.028
  0.74     12.12      2.86      0.307      0.983      0.047      0.028
  0.84     11.15      2.72      0.299      0.924      0.071      0.026
  0.96      9.71      2.57      0.330      1.129      0.125      0.032
  
--------------------------------------------------------------------------
                             Q2-dependance
    					 
Q2(GeV2)   nu(GeV)     z      pt2(GeV2)      R        stat       syst
--------------------------------------------------------------------------

                                  pi+

  1.35     14.42      0.41      0.208      0.955      0.006      0.029
  1.90     14.30      0.41      0.202      0.961      0.008      0.029
  2.70     14.52      0.40      0.199      0.966      0.007      0.029
  3.75     14.71      0.40      0.197      0.975      0.010      0.030
  4.80     14.86      0.40      0.195      0.969      0.013      0.030
  5.81     14.82      0.40      0.191      0.974      0.017      0.030
  7.17     14.70      0.40      0.197      0.946      0.017      0.029
  9.69     14.59      0.40      0.177      1.002      0.028      0.031

                                  K+

  1.35     14.13      0.40      0.234      0.966      0.015      0.028
  1.91     13.92      0.41      0.222      0.937      0.017      0.027
  2.67     14.22      0.41      0.219      0.960      0.015      0.027
  3.75     14.59      0.41      0.216      0.958      0.021      0.027
  4.75     14.64      0.41      0.207      1.014      0.028      0.029
  5.80     14.65      0.41      0.209      0.911      0.035      0.026
  7.17     14.47      0.41      0.206      0.922      0.037      0.027
  9.74     14.80      0.41      0.173      1.043      0.062      0.030

                                 prot.

  1.40     13.79      0.41      0.227      0.988      0.016      0.029
  1.97     13.61      0.41      0.210      0.985      0.019      0.028
  2.73     13.72      0.42      0.209      0.988      0.017      0.028
  3.81     14.00      0.43      0.208      0.996      0.023      0.028
  4.85     14.14      0.43      0.216      1.014      0.031      0.029
  5.86     14.33      0.44      0.203      0.944      0.038      0.027
  7.18     14.49      0.44      0.208      1.080      0.045      0.031
  9.86     14.32      0.46      0.190      0.941      0.062      0.027
  
    			      
==========================================================================
    			      NEON
==========================================================================

--------------------------------------------------------------------------
                             nu-dependance

 nu(GeV)     z      Q2(GeV2)   pt2(GeV2)     R        stat       syst
--------------------------------------------------------------------------

                                  pi+

  5.27      0.59      1.88      0.246      0.853      0.013      0.026
  7.14      0.51      2.02      0.163      0.855      0.008      0.028
  9.09      0.46      2.20      0.140      0.863      0.006      0.028
 11.03      0.43      2.38      0.145      0.874      0.005      0.029
 13.00      0.42      2.54      0.169      0.886      0.005      0.029
 14.98      0.40      2.61      0.195      0.899      0.005      0.029
 16.98      0.38      2.61      0.229      0.909      0.006      0.027
 18.96      0.35      2.49      0.267      0.916      0.007      0.027
 21.55      0.33      2.14      0.320      0.925      0.008      0.027

                                  K+

  5.26      0.58      1.90      0.328      0.980      0.034      0.028
  7.15      0.50      2.03      0.216      0.958      0.019      0.027
  9.07      0.45      2.23      0.180      0.935      0.014      0.027
 11.03      0.41      2.44      0.171      0.930      0.012      0.027
 13.00      0.40      2.61      0.186      0.928      0.012      0.026
 14.97      0.39      2.72      0.213      0.944      0.013      0.027
 16.96      0.39      2.70      0.260      0.942      0.014      0.027
 18.95      0.37      2.60      0.304      0.947      0.017      0.027
 21.53      0.35      2.22      0.368      0.941      0.019      0.027

                                 prot.

  5.16      0.57      1.91      0.223      0.965      0.021      0.028
  7.06      0.47      2.08      0.157      0.965      0.015      0.028
  9.03      0.44      2.27      0.144      1.016      0.014      0.029
 11.02      0.43      2.48      0.158      0.998      0.014      0.029
 12.99      0.42      2.61      0.184      1.020      0.014      0.030
 14.99      0.41      2.73      0.222      1.036      0.015      0.030
 16.97      0.39      2.77      0.265      1.023      0.017      0.030
 18.97      0.38      2.60      0.314      1.011      0.021      0.029
 21.53      0.35      2.22      0.378      1.038      0.023      0.030
 
--------------------------------------------------------------------------
                             z-dependence
    				       
   z      nu(GeV)   Q2(GeV2)   pt2(GeV2)     R        stat       syst
--------------------------------------------------------------------------

                                  pi+

  0.16     18.26      2.50      0.101      0.913      0.004      0.030
  0.25     15.77      2.63      0.156      0.902      0.004      0.030
  0.35     14.61      2.66      0.204      0.888      0.004      0.028
  0.45     14.10      2.65      0.241      0.885      0.006      0.027
  0.55     13.81      2.59      0.274      0.894      0.007      0.026
  0.65     13.43      2.55      0.277      0.878      0.008      0.026
  0.75     12.67      2.47      0.251      0.883      0.010      0.027
  0.85     11.75      2.34      0.201      0.856      0.013      0.036
  0.95     10.67      2.30      0.169      0.789      0.015      0.029

                                  K+

  0.16     18.48      2.39      0.120      0.970      0.010      0.028
  0.25     15.30      2.64      0.175      0.961      0.009      0.027
  0.35     14.12      2.70      0.217      0.961      0.010      0.027
  0.45     13.81      2.72      0.255      0.923      0.012      0.026
  0.55     13.68      2.69      0.290      0.902      0.014      0.026
  0.64     13.59      2.73      0.330      0.925      0.017      0.026
  0.75     12.78      2.71      0.323      0.886      0.021      0.025
  0.84     12.01      2.61      0.287      0.858      0.027      0.025
  0.94     10.94      2.48      0.243      0.722      0.036      0.021

                                 prot.

  0.19     19.92      2.06      0.116      1.046      0.037      0.030
  0.25     15.77      2.49      0.163      1.064      0.012      0.031
  0.35     13.59      2.70      0.198      1.017      0.010      0.029
  0.45     13.27      2.81      0.243      1.000      0.012      0.029
  0.55     13.31      2.85      0.278      0.974      0.015      0.028
  0.64     12.97      2.85      0.308      0.940      0.021      0.027
  0.74     12.24      2.82      0.313      0.971      0.032      0.028
  0.84     11.22      2.67      0.319      0.799      0.043      0.023
  0.96      9.99      2.47      0.339      0.837      0.071      0.024
  
--------------------------------------------------------------------------
                             Q2-dependance
    					 
Q2(GeV2)  nu(GeV)      z      pt2(GeV2)      R        stat       syst
--------------------------------------------------------------------------

                                  pi+

  1.36     14.53      0.41      0.209      0.886      0.004      0.027
  1.91     14.37      0.41      0.203      0.889      0.005      0.028
  2.68     14.60      0.40      0.205      0.899      0.005      0.028
  3.75     14.82      0.40      0.203      0.903      0.006      0.029
  4.78     14.92      0.39      0.202      0.899      0.009      0.029
  5.79     14.90      0.39      0.197      0.916      0.011      0.029
  7.17     14.69      0.39      0.197      0.925      0.012      0.030
  9.76     14.61      0.40      0.192      0.933      0.019      0.030

                                  K+

  1.35     14.14      0.40      0.239      0.935      0.010      0.027
  1.91     13.98      0.40      0.231      0.917      0.012      0.027
  2.67     14.23      0.41      0.231      0.955      0.011      0.027
  3.72     14.60      0.40      0.229      0.956      0.015      0.027
  4.77     14.70      0.41      0.217      0.954      0.019      0.027
  5.76     14.68      0.41      0.215      0.936      0.025      0.027
  7.13     14.68      0.41      0.210      0.955      0.026      0.027
  9.73     14.53      0.42      0.196      0.963      0.042      0.027

                                 prot.

  1.40     13.84      0.40      0.230      1.014      0.012      0.029
  1.94     13.64      0.41      0.222      1.027      0.014      0.030
  2.74     13.76      0.41      0.218      1.015      0.012      0.029
  3.81     14.21      0.42      0.222      1.019      0.017      0.030
  4.86     14.48      0.43      0.217      1.015      0.022      0.029
  5.84     14.55      0.43      0.203      0.993      0.028      0.028
  7.17     14.54      0.43      0.214      1.048      0.031      0.030
  9.78     14.56      0.46      0.209      0.989      0.045      0.028
  
    			
==========================================================================
    			 	KRYPTON
==========================================================================

--------------------------------------------------------------------------
                             nu-dependance

 nu(GeV)     z      Q2(GeV2)   pt2(GeV2)     R        stat       syst
--------------------------------------------------------------------------

                                  pi+

  5.27      0.58      1.90      0.255      0.670      0.011      0.021
  7.15      0.50      2.05      0.170      0.671      0.006      0.023
  9.09      0.45      2.22      0.144      0.708      0.005      0.025
 11.03      0.42      2.38      0.151      0.733      0.004      0.026
 13.01      0.41      2.54      0.173      0.754      0.004      0.026
 14.99      0.40      2.64      0.202      0.782      0.005      0.026
 16.98      0.37      2.61      0.235      0.798      0.005      0.025
 18.96      0.35      2.49      0.279      0.838      0.007      0.025
 21.53      0.33      2.18      0.334      0.873      0.008      0.025

                                  K+

  5.28      0.58      1.86      0.327      0.849      0.031      0.025
  7.14      0.50      2.04      0.232      0.847      0.018      0.025
  9.10      0.44      2.24      0.192      0.832      0.013      0.024
 11.03      0.41      2.44      0.178      0.863      0.011      0.025
 13.00      0.39      2.61      0.195      0.882      0.011      0.025
 14.97      0.39      2.70      0.225      0.886      0.012      0.025
 16.98      0.38      2.71      0.264      0.912      0.014      0.026
 18.95      0.37      2.56      0.314      0.922      0.017      0.027
 21.53      0.35      2.26      0.382      0.958      0.019      0.028

                                 prot.

  5.19      0.57      1.94      0.236      0.799      0.018      0.023
  7.07      0.47      2.08      0.162      0.858      0.014      0.026
  9.04      0.43      2.26      0.152      0.905      0.013      0.026
 11.02      0.42      2.44      0.171      0.939      0.013      0.028
 13.01      0.41      2.59      0.197      0.987      0.013      0.037
 14.99      0.39      2.70      0.235      1.020      0.014      0.033
 16.98      0.38      2.68      0.281      1.079      0.017      0.038
 18.96      0.37      2.56      0.335      1.121      0.022      0.037
 21.54      0.34      2.22      0.400      1.148      0.025      0.040
                             
--------------------------------------------------------------------------
                             z-dependance

   z      nu(GeV)   Q2(GeV2)   pt2(GeV2)     R        stat       syst
--------------------------------------------------------------------------

                                  pi+

  0.16     18.32      2.47      0.104      0.872      0.004      0.030
  0.25     15.89      2.65      0.163      0.814      0.003      0.028
  0.34     14.76      2.69      0.217      0.782      0.004      0.026
  0.45     14.31      2.66      0.260      0.759      0.005      0.024
  0.55     13.98      2.62      0.287      0.739      0.006      0.022
  0.65     13.69      2.54      0.296      0.721      0.007      0.022
  0.75     12.83      2.45      0.260      0.674      0.009      0.022
  0.85     11.84      2.31      0.210      0.625      0.010      0.029
  0.95     10.71      2.33      0.170      0.542      0.012      0.022

                                  K+

  0.16     18.53      2.40      0.123      1.047      0.011      0.033
  0.25     15.46      2.61      0.184      0.985      0.009      0.030
  0.35     14.34      2.69      0.236      0.906      0.010      0.026
  0.45     13.97      2.73      0.276      0.848      0.011      0.024
  0.55     13.81      2.72      0.310      0.822      0.013      0.023
  0.64     13.68      2.77      0.344      0.787      0.015      0.022
  0.75     12.83      2.67      0.332      0.761      0.019      0.022
  0.84     11.96      2.63      0.286      0.687      0.024      0.020
  0.95     11.16      2.51      0.234      0.643      0.034      0.019

                                 prot.

  0.19     19.85      2.09      0.114      1.031      0.033      0.060
  0.25     15.92      2.45      0.173      1.136      0.012      0.042
  0.35     13.84      2.70      0.219      1.033      0.010      0.031
  0.44     13.51      2.81      0.273      0.943      0.011      0.032
  0.54     13.43      2.85      0.317      0.872      0.014      0.029
  0.64     13.12      2.81      0.336      0.788      0.018      0.026
  0.74     12.01      2.75      0.338      0.728      0.025      0.027
  0.84     11.14      2.70      0.340      0.689      0.038      0.030
  0.96      9.96      2.73      0.333      0.600      0.052      0.046
  
--------------------------------------------------------------------------
                             Q2-dependance
    					 
Q2(GeV2)  nu(GeV)      z      pt2(GeV2)      R        stat       syst
--------------------------------------------------------------------------

                                  pi+

  1.36     14.75      0.40      0.218      0.778      0.004      0.025
  1.92     14.60      0.40      0.214      0.768      0.004      0.025
  2.67     14.81      0.39      0.215      0.775      0.004      0.026
  3.75     15.03      0.39      0.216      0.802      0.006      0.026
  4.78     15.07      0.38      0.214      0.805      0.008      0.027
  5.80     15.00      0.38      0.209      0.814      0.010      0.027
  7.17     14.81      0.38      0.204      0.813      0.011      0.027
  9.75     14.64      0.39      0.192      0.791      0.017      0.027

                                  K+

  1.35     14.35      0.39      0.251      0.886      0.010      0.025
  1.91     14.15      0.40      0.242      0.889      0.012      0.026
  2.66     14.49      0.40      0.244      0.904      0.010      0.026
  3.73     14.74      0.40      0.237      0.915      0.014      0.026
  4.76     14.85      0.40      0.234      0.947      0.019      0.027
  5.77     14.94      0.39      0.226      0.922      0.024      0.027
  7.13     14.63      0.40      0.230      0.878      0.025      0.025
  9.65     14.53      0.41      0.197      0.803      0.036      0.023

                                 prot.

  1.40     14.06      0.39      0.245      1.014      0.011      0.030
  1.94     13.95      0.40      0.239      1.011      0.013      0.030
  2.73     14.14      0.40      0.239      1.010      0.012      0.031
  3.81     14.49      0.40      0.233      1.030      0.016      0.034
  4.84     14.59      0.41      0.237      0.988      0.021      0.030
  5.85     14.64      0.42      0.241      1.009      0.028      0.039
  7.17     14.65      0.42      0.242      0.957      0.028      0.037
  9.78     14.52      0.45      0.244      0.918      0.043      0.051
  
    			    
==========================================================================
    			     	XENON
==========================================================================

--------------------------------------------------------------------------
                             nu-dependance

 nu(GeV)     z      Q2(GeV2)   pt2(GeV2)     R        stat       syst
--------------------------------------------------------------------------

                                  pi+

  5.27      0.58      1.87      0.258      0.622      0.014      0.019
  7.14      0.50      2.06      0.175      0.612      0.008      0.022
  9.09      0.45      2.22      0.148      0.637      0.006      0.024
 11.04      0.42      2.40      0.151      0.672      0.005      0.025
 13.01      0.41      2.54      0.175      0.709      0.006      0.026
 14.99      0.39      2.64      0.205      0.727      0.006      0.025
 16.99      0.37      2.61      0.240      0.757      0.007      0.023
 18.96      0.35      2.49      0.282      0.774      0.008      0.023
 21.55      0.33      2.18      0.336      0.838      0.010      0.025

                                  K+

  5.27      0.58      1.95      0.360      0.785      0.038      0.023
  7.16      0.50      2.03      0.232      0.795      0.022      0.023
  9.10      0.45      2.22      0.191      0.791      0.016      0.023
 11.03      0.41      2.42      0.187      0.804      0.014      0.023
 12.99      0.39      2.58      0.203      0.837      0.014      0.024
 14.98      0.38      2.67      0.228      0.851      0.015      0.025
 16.96      0.38      2.70      0.271      0.880      0.017      0.026
 18.97      0.37      2.60      0.321      0.890      0.021      0.025
 21.50      0.34      2.22      0.389      0.972      0.025      0.028

                                 prot.

  5.19      0.56      1.96      0.240      0.723      0.022      0.026
  7.09      0.47      2.06      0.165      0.836      0.018      0.025
  9.05      0.43      2.28      0.158      0.887      0.016      0.028
 11.02      0.41      2.42      0.168      0.898      0.015      0.028
 13.00      0.40      2.61      0.196      0.968      0.016      0.036
 14.99      0.39      2.70      0.239      0.988      0.018      0.034
 16.97      0.38      2.67      0.284      1.026      0.021      0.040
 18.98      0.36      2.53      0.333      1.138      0.029      0.042
 21.52      0.34      2.22      0.405      1.180      0.033      0.039
                   
--------------------------------------------------------------------------
                             z-dependance
    					 
   z      nu(GeV)   Q2(GeV2)   pt2(GeV2)     R        stat       syst
--------------------------------------------------------------------------

                                  pi+

  0.16     18.33      2.48      0.105      0.838      0.005      0.029
  0.25     15.96      2.63      0.167      0.768      0.004      0.028
  0.35     14.83      2.67      0.221      0.729      0.005      0.025
  0.44     14.37      2.67      0.263      0.701      0.006      0.022
  0.55     14.02      2.63      0.294      0.679      0.007      0.020
  0.65     13.69      2.57      0.301      0.659      0.009      0.020
  0.75     12.76      2.46      0.259      0.616      0.010      0.020
  0.84     11.89      2.37      0.215      0.574      0.012      0.028
  0.95     10.88      2.39      0.181      0.489      0.014      0.021

                                  K+

  0.16     18.55      2.44      0.126      1.023      0.014      0.034
  0.25     15.56      2.60      0.191      0.958      0.012      0.029
  0.35     14.45      2.68      0.244      0.874      0.012      0.025
  0.44     14.02      2.71      0.287      0.808      0.014      0.023
  0.55     13.91      2.69      0.319      0.788      0.016      0.022
  0.64     13.62      2.68      0.350      0.770      0.020      0.022
  0.74     12.71      2.69      0.321      0.677      0.023      0.020
  0.84     12.20      2.61      0.314      0.633      0.029      0.018
  0.95     10.93      2.54      0.238      0.599      0.042      0.017

                                 prot.

  0.19     19.91      2.09      0.117      1.055      0.042      0.072
  0.25     15.97      2.46      0.178      1.154      0.015      0.036
  0.35     13.78      2.66      0.222      0.998      0.013      0.029
  0.44     13.53      2.84      0.284      0.923      0.014      0.030
  0.55     13.55      2.82      0.321      0.823      0.018      0.025
  0.64     13.18      2.84      0.348      0.737      0.023      0.032
  0.74     12.05      2.80      0.313      0.653      0.030      0.020
  0.84     10.87      2.59      0.347      0.689      0.048      0.021
  0.95     10.19      2.48      0.294      0.504      0.060      0.035
    			         			    
--------------------------------------------------------------------------
                             Q2-dependance
    					  
Q2(GeV2)  nu(GeV)      z      pt2(GeV2)      R        stat       syst
--------------------------------------------------------------------------

                                  pi+

  1.36     14.84      0.40      0.223      0.721      0.005      0.024
  1.90     14.70      0.39      0.218      0.712      0.005      0.024
  2.67     14.85      0.39      0.217      0.723      0.005      0.024
  3.73     15.06      0.39      0.220      0.752      0.007      0.026
  4.77     15.12      0.38      0.215      0.763      0.010      0.026
  5.79     15.06      0.38      0.209      0.772      0.013      0.026
  7.16     14.90      0.38      0.214      0.757      0.013      0.026
  9.75     14.51      0.39      0.210      0.749      0.021      0.026

                                  K+

  1.36     14.46      0.39      0.258      0.858      0.012      0.024
  1.92     14.21      0.39      0.249      0.863      0.014      0.025
  2.65     14.59      0.39      0.249      0.865      0.013      0.025
  3.75     14.80      0.40      0.249      0.879      0.018      0.025
  4.76     15.01      0.39      0.239      0.878      0.023      0.025
  5.78     15.02      0.39      0.243      0.845      0.030      0.024
  7.12     14.77      0.40      0.232      0.839      0.031      0.024
  9.71     14.74      0.41      0.207      0.851      0.047      0.024

                                 prot.

  1.38     14.14      0.39      0.253      1.009      0.014      0.031
  1.94     13.99      0.39      0.240      0.999      0.016      0.031
  2.71     14.18      0.40      0.242      0.964      0.014      0.030
  3.78     14.61      0.40      0.239      1.017      0.020      0.039
  4.85     14.45      0.41      0.235      0.952      0.025      0.040
  5.82     14.78      0.41      0.240      0.956      0.034      0.039
  7.18     14.66      0.42      0.235      0.931      0.035      0.059
  9.77     14.68      0.43      0.205      1.009      0.058      0.035
      
				      


