
**************************************************************************

   These are published data of the HERMES Collaboration.                  
   You are free to use these data in any publication. However, you must   
   make a reference to the following publication:                         

   A. Airapetian et al, Nucl. Phys. B 780 (2007) 1-27 

**************************************************************************


==========================================================================
				HELIUM
==========================================================================

--------------------------------------------------------------------------
                             nu-dependance

 nu(GeV)     z      Q2(GeV2)   pt2(GeV2)     R        stat       syst
--------------------------------------------------------------------------

                             0.2 < z < 0.4

  7.21      0.34      2.11      0.119      0.975      0.015      0.034
  9.12      0.30      2.29      0.107      0.933      0.009      0.032
 11.04      0.29      2.40      0.114      0.948      0.008      0.033
 13.01      0.29      2.53      0.130      0.949      0.008      0.033
 14.99      0.28      2.58      0.153      0.970      0.008      0.033
 16.98      0.28      2.55      0.186      0.961      0.009      0.032
 18.98      0.28      2.44      0.224      0.954      0.010      0.030
 21.59      0.28      2.11      0.274      0.962      0.010      0.028

                             0.4 < z < 0.7

  7.09      0.52      1.98      0.164      0.963      0.014      0.033
  9.05      0.53      2.14      0.158      0.967      0.012      0.033
 11.02      0.52      2.32      0.172      0.961      0.011      0.033
 12.99      0.52      2.49      0.209      0.975      0.011      0.031
 14.98      0.52      2.62      0.258      0.959      0.012      0.029
 16.95      0.51      2.62      0.303      0.978      0.014      0.028
 18.94      0.51      2.48      0.374      0.973      0.017      0.028
 21.47      0.50      2.18      0.468      0.969      0.020      0.028

                               z > 0.7

  7.12      0.84      1.81      0.184      0.958      0.022      0.043
  9.04      0.83      1.97      0.159      0.949      0.018      0.044
 10.98      0.82      2.20      0.171      0.944      0.018      0.042
 12.98      0.81      2.41      0.201      0.994      0.020      0.042
 14.95      0.81      2.52      0.238      0.979      0.024      0.038
 16.88      0.78      2.55      0.289      1.023      0.033      0.034
 18.80      0.75      2.54      0.358      1.015      0.056      0.031
 20.47      0.71      2.39      0.511      0.957      0.147      0.030
 
--------------------------------------------------------------------------
                             Q2-dependance
    		       
 Q2(GeV2)  nu(GeV)     z      pt2(GeV2)      R        stat       syst
--------------------------------------------------------------------------

                             0.2 < z < 0.4

  1.34     15.46      0.29      0.182      0.945      0.006      0.031
  1.88     15.22      0.29      0.177      0.957      0.007      0.032
  2.64     15.31      0.29      0.172      0.960      0.007      0.033
  3.70     15.34      0.29      0.166      0.971      0.009      0.033
  4.74     15.27      0.29      0.163      0.976      0.012      0.033
  5.78     15.14      0.29      0.157      0.962      0.016      0.033
  7.21     14.90      0.28      0.151      0.971      0.017      0.033
  9.76     14.60      0.29      0.137      0.984      0.028      0.033

    		         0.4 < z < 0.7

  1.36     13.58      0.52      0.257      0.959      0.009      0.029
  1.92     13.49      0.52      0.246      0.964      0.011      0.029
  2.70     13.81      0.52      0.249      0.971      0.010      0.029
  3.75     14.19      0.51      0.250      0.983      0.014      0.029
  4.85     14.55      0.51      0.250      0.989      0.018      0.030
  5.84     14.57      0.52      0.242      0.986      0.025      0.030
  7.16     14.53      0.52      0.264      0.973      0.026      0.029
  9.86     14.53      0.52      0.229      1.002      0.040      0.030

                               z > 0.7

  1.33     11.50      0.82      0.183      0.971      0.016      0.042
  1.88     11.59      0.82      0.188      0.989      0.020      0.043
  2.61     11.97      0.82      0.213      0.954      0.019      0.040
  3.70     12.50      0.81      0.231      1.003      0.029      0.040
  4.71     13.16      0.81      0.261      0.951      0.039      0.036
  5.76     13.47      0.81      0.278      0.964      0.053      0.037
  6.96     13.62      0.81      0.305      0.929      0.055      0.035
 10.03     14.45      0.80      0.299      0.860      0.078      0.030
 
--------------------------------------------------------------------------
                             pt2-dependance
    		     
pt2(GeV2)  nu(GeV)      z      Q2(GeV2)      R        stat       syst
--------------------------------------------------------------------------

                             0.2 < z < 0.4

  0.022     13.34      0.28      2.61      0.950      0.006      0.027
  0.073     14.72      0.28      2.68      0.968      0.008      0.027
  0.182     16.02      0.28      2.56      0.957      0.005      0.032
  0.380     17.04      0.29      2.50      0.952      0.010      0.028
  0.581     17.78      0.31      2.54      0.970      0.018      0.028
  0.782     18.53      0.32      2.46      0.996      0.034      0.029
  0.984     19.13      0.33      2.40      0.950      0.057      0.028
  1.215     19.61      0.34      2.56      0.928      0.086      0.027
  1.638     20.42      0.35      2.14      0.955      0.151      0.028

    		         0.4 < z < 0.7

  0.023     12.09      0.51      2.44      0.974      0.010      0.027
  0.074     12.61      0.52      2.52      0.973      0.011      0.028
  0.183     13.82      0.52      2.60      0.976      0.008      0.032
  0.386     15.08      0.52      2.66      0.953      0.012      0.028
  0.588     15.86      0.51      2.59      0.948      0.018      0.027
  0.789     16.23      0.52      2.56      0.964      0.026      0.027
  0.988     16.77      0.53      2.49      0.944      0.036      0.027
  1.225     17.42      0.54      2.48      0.953      0.044      0.028
  1.781     17.94      0.55      2.58      0.984      0.055      0.029

                                z > 0.7

  0.023     11.40      0.83      2.06      0.997      0.017      0.042
  0.073     11.65      0.82      2.16      1.036      0.021      0.042
  0.180     11.84      0.81      2.38      0.962      0.014      0.040
  0.385     12.38      0.80      2.62      0.907      0.024      0.033
  0.589     12.85      0.80      2.78      0.898      0.037      0.031
  0.789     13.27      0.80      2.91      0.928      0.055      0.032
  0.989     14.19      0.78      2.58      0.992      0.079      0.032
  1.229     14.63      0.79      2.56      0.860      0.080      0.028
  1.742     14.22      0.79      2.92      0.844      0.096      0.028
    			    
    			 
==========================================================================
    				NEON
==========================================================================

--------------------------------------------------------------------------
                             nu-dependance

 nu(GeV)     z      Q2(GeV2)   pt2(GeV2)     R        stat       syst
--------------------------------------------------------------------------

                           0.2 < z < 0.4

  7.23      0.34      2.12      0.125      0.847      0.009      0.031
  9.11      0.30      2.28      0.110      0.862      0.006      0.032
 11.04      0.29      2.40      0.116      0.875      0.005      0.032
 13.01      0.29      2.53      0.133      0.890      0.005      0.033
 15.00      0.29      2.58      0.157      0.897      0.005      0.032
 16.99      0.28      2.55      0.190      0.906      0.006      0.031
 18.98      0.28      2.44      0.225      0.913      0.006      0.029
 21.58      0.28      2.11      0.275      0.922      0.007      0.028

                           0.4 < z < 0.7

  7.09      0.52      1.97      0.173      0.859      0.009      0.031
  9.07      0.52      2.15      0.164      0.862      0.007      0.031
 11.02      0.52      2.32      0.180      0.875      0.007      0.031
 13.00      0.52      2.49      0.215      0.888      0.007      0.029
 14.98      0.52      2.62      0.256      0.880      0.008      0.026
 16.96      0.51      2.62      0.308      0.900      0.009      0.027
 18.95      0.51      2.48      0.371      0.920      0.011      0.028
 21.48      0.50      2.18      0.479      0.918      0.013      0.028

    		         z > 0.7

  7.11      0.84      1.80      0.197      0.810      0.013      0.041
  9.04      0.83      1.97      0.162      0.817      0.011      0.042
 11.00      0.82      2.20      0.169      0.842      0.011      0.042
 12.97      0.81      2.41      0.199      0.860      0.012      0.040
 14.95      0.81      2.52      0.229      0.909      0.015      0.040
 16.88      0.78      2.55      0.295      0.947      0.022      0.032
 18.81      0.74      2.54      0.361      0.914      0.035      0.030
 20.43      0.72      2.39      0.486      1.007      0.103      0.032
 
--------------------------------------------------------------------------
                             Q2-dependance
    		    
 Q2(GeV2)  nu(GeV)     z      pt2(GeV2)      R        stat       syst
--------------------------------------------------------------------------

                          0.2 < z < 0.4

  1.35     15.52      0.29      0.187      0.884      0.004      0.031
  1.88     15.31      0.29      0.178      0.900      0.005      0.032
  2.65     15.37      0.29      0.176      0.902      0.005      0.032
  3.73     15.47      0.29      0.172      0.904      0.006      0.033
  4.77     15.40      0.29      0.167      0.922      0.008      0.033
  5.82     15.18      0.28      0.161      0.931      0.011      0.034
  7.18     14.95      0.28      0.159      0.949      0.012      0.034
  9.81     14.68      0.28      0.147      0.944      0.019      0.034

    		      0.4 < z < 0.7

  1.38     13.71      0.52      0.261      0.884      0.006      0.027
  1.92     13.59      0.52      0.254      0.886      0.007      0.027
  2.71     13.90      0.52      0.257      0.889      0.007      0.027
  3.77     14.25      0.51      0.259      0.897      0.009      0.027
  4.81     14.47      0.51      0.256      0.893      0.012      0.027
  5.85     14.60      0.51      0.255      0.903      0.016      0.027
  7.17     14.56      0.51      0.256      0.905      0.017      0.027
  9.87     14.57      0.51      0.249      0.885      0.026      0.027

    		         z > 0.7

  1.35     11.64      0.82      0.172      0.879      0.011      0.043
  1.88     11.69      0.82      0.195      0.858      0.013      0.040
  2.63     12.09      0.81      0.217      0.842      0.012      0.039
  3.67     12.58      0.81      0.249      0.853      0.018      0.038
  4.78     13.20      0.81      0.284      0.830      0.025      0.034
  5.74     13.46      0.81      0.292      0.889      0.035      0.036
  7.03     13.59      0.81      0.322      0.847      0.036      0.034
  9.76     14.00      0.80      0.349      0.854      0.054      0.032
  
--------------------------------------------------------------------------
                             pt2-dependance
    		     
pt2(GeV2)  nu(GeV)      z      Q2(GeV2)      R        stat       syst
--------------------------------------------------------------------------

                         0.2 < z < 0.4

  0.022     13.43      0.28      2.63      0.878      0.004      0.025
  0.073     14.81      0.28      2.70      0.887      0.005      0.025
  0.182     16.09      0.28      2.54      0.897      0.004      0.031
  0.380     16.95      0.29      2.53      0.914      0.006      0.027
  0.581     17.71      0.31      2.57      0.932      0.012      0.027
  0.782     18.36      0.32      2.53      0.997      0.023      0.029
  0.984     19.12      0.33      2.45      0.945      0.038      0.027
  1.215     19.37      0.34      2.38      1.035      0.062      0.030
  1.647     20.30      0.35      2.48      1.194      0.120      0.035

    		     0.4 < z < 0.7

  0.023     12.14      0.51      2.44      0.847      0.006      0.025
  0.074     12.76      0.52      2.49      0.894      0.007      0.027
  0.183     13.88      0.52      2.60      0.901      0.005      0.032
  0.386     15.11      0.52      2.66      0.865      0.008      0.026
  0.588     15.81      0.51      2.58      0.881      0.012      0.026
  0.789     16.28      0.52      2.55      0.889      0.017      0.026
  0.988     16.75      0.53      2.49      0.928      0.024      0.027
  1.225     17.14      0.53      2.57      0.921      0.029      0.027
  1.789     18.08      0.55      2.54      1.044      0.039      0.030

    		       z > 0.7

  0.023     11.52      0.84      2.05      0.893      0.011      0.042
  0.073     11.90      0.82      2.12      0.944      0.013      0.042
  0.180     11.94      0.81      2.37      0.821      0.009      0.037
  0.384     12.24      0.80      2.71      0.783      0.015      0.031
  0.589     12.91      0.80      2.87      0.787      0.023      0.029
  0.789     13.56      0.79      2.90      0.833      0.035      0.030
  0.989     13.81      0.79      2.88      0.896      0.050      0.031
  1.229     14.08      0.79      2.79      0.777      0.050      0.026
  1.771     14.46      0.79      3.17      0.914      0.069      0.032
    		       
    			 
==========================================================================
    				KRYPTON
==========================================================================

--------------------------------------------------------------------------
                             nu-dependance

 nu(GeV)     z      Q2(GeV2)   pt2(GeV2)     R        stat       syst
--------------------------------------------------------------------------

                          0.2 < z < 0.4

  7.23      0.34      2.15      0.131      0.716      0.008      0.029
  9.12      0.30      2.30      0.115      0.742      0.005      0.030
 11.04      0.29      2.42      0.120      0.764      0.005      0.031
 13.02      0.29      2.53      0.138      0.786      0.005      0.031
 15.00      0.28      2.58      0.163      0.802      0.005      0.031
 16.99      0.28      2.54      0.195      0.813      0.005      0.029
 18.98      0.28      2.42      0.231      0.839      0.006      0.028
 21.57      0.28      2.11      0.288      0.872      0.006      0.026

                          0.4 < z < 0.7

  7.10      0.52      2.00      0.177      0.677      0.007      0.026
  9.06      0.52      2.15      0.171      0.690      0.006      0.027
 11.02      0.52      2.32      0.185      0.710      0.006      0.026
 13.01      0.52      2.49      0.224      0.733      0.006      0.024
 14.98      0.52      2.62      0.266      0.756      0.007      0.023
 16.97      0.51      2.59      0.322      0.778      0.008      0.023
 18.95      0.51      2.46      0.391      0.813      0.010      0.024
 21.45      0.50      2.14      0.493      0.861      0.013      0.026

    		       z > 0.7

  7.11      0.84      1.82      0.202      0.574      0.010      0.033
  9.05      0.83      1.99      0.166      0.595      0.009      0.035
 11.01      0.82      2.21      0.177      0.625      0.009      0.035
 12.98      0.81      2.42      0.205      0.655      0.010      0.034
 14.96      0.81      2.56      0.239      0.714      0.013      0.034
 16.89      0.78      2.56      0.282      0.758      0.018      0.028
 18.80      0.74      2.51      0.366      0.777      0.031      0.027
 20.49      0.71      2.31      0.552      0.736      0.084      0.024
    			 
--------------------------------------------------------------------------
                             Q2-dependance
    		  
 Q2(GeV2)  nu(GeV)     z      pt2(GeV2)      R        stat       syst
--------------------------------------------------------------------------

                        0.2 < z < 0.4

  1.34     15.60      0.29      0.194      0.798      0.004      0.029
  1.90     15.42      0.29      0.186      0.802      0.004      0.030
  2.68     15.54      0.29      0.184      0.806      0.004      0.030
  3.78     15.57      0.29      0.179      0.833      0.006      0.032
  4.82     15.46      0.28      0.174      0.837      0.008      0.032
  5.88     15.35      0.28      0.171      0.841      0.010      0.032
  7.28     15.01      0.28      0.167      0.846      0.011      0.032
  9.98     14.61      0.28      0.159      0.838      0.017      0.033

    		    0.4 < z < 0.7

  1.40     13.93      0.52      0.274      0.753      0.005      0.023
  1.96     13.77      0.52      0.268      0.742      0.006      0.023
  2.75     14.08      0.51      0.272      0.750      0.006      0.023
  3.83     14.41      0.51      0.276      0.772      0.008      0.024
  4.90     14.63      0.51      0.280      0.770      0.011      0.024
  5.94     14.72      0.51      0.273      0.791      0.015      0.025
  7.28     14.60      0.51      0.261      0.789      0.016      0.024
 10.01     14.60      0.52      0.247      0.775      0.024      0.024

    		      z > 0.7

  1.38     11.91      0.81      0.176      0.692      0.009      0.037
  1.91     11.82      0.81      0.201      0.652      0.010      0.035
  2.65     12.11      0.81      0.226      0.625      0.010      0.032
  3.74     12.70      0.81      0.272      0.627      0.014      0.029
  4.80     13.29      0.81      0.296      0.640      0.020      0.029
  5.79     13.57      0.80      0.308      0.670      0.028      0.029
  7.19     13.77      0.80      0.319      0.670      0.030      0.028
  9.84     14.21      0.80      0.273      0.702      0.048      0.030
  
--------------------------------------------------------------------------
                             pt2-dependance
    			 
pt2(GeV2)  nu(GeV)      z      Q2(GeV2)      R        stat       syst
--------------------------------------------------------------------------

                       0.2 < z < 0.4

  0.023     13.51      0.28      2.64      0.757      0.003      0.021
  0.073     14.90      0.28      2.71      0.771      0.004      0.022
  0.182     16.14      0.28      2.57      0.794      0.003      0.029
  0.380     17.01      0.29      2.54      0.855      0.006      0.026
  0.581     17.72      0.31      2.58      0.917      0.012      0.028
  0.782     18.31      0.32      2.55      0.977      0.022      0.028
  0.982     18.80      0.33      2.61      1.037      0.040      0.030
  1.216     19.37      0.34      2.55      1.211      0.069      0.035
  1.643     20.33      0.35      2.31      1.291      0.118      0.037

    	           0.4 < z < 0.7

  0.024     12.19      0.51      2.45      0.685      0.005      0.020
  0.073     12.86      0.51      2.52      0.719      0.006      0.021
  0.183     14.09      0.52      2.62      0.753      0.004      0.029
  0.386     15.21      0.51      2.67      0.732      0.007      0.022
  0.588     15.90      0.51      2.60      0.778      0.011      0.023
  0.788     16.32      0.51      2.55      0.832      0.016      0.024
  0.990     16.80      0.52      2.54      0.866      0.023      0.025
  1.228     17.25      0.53      2.60      0.912      0.029      0.026
  1.787     18.05      0.54      2.55      1.103      0.040      0.032

                          z > 0.7

  0.023     11.69      0.83      2.07      0.671      0.009      0.036
  0.073     12.10      0.81      2.13      0.706      0.011      0.033
  0.181     12.09      0.80      2.37      0.613      0.007      0.031
  0.384     12.34      0.80      2.71      0.595      0.012      0.026
  0.586     12.97      0.80      2.87      0.615      0.019      0.025
  0.787     13.38      0.80      2.87      0.679      0.029      0.026
  0.992     14.09      0.79      2.88      0.629      0.038      0.024
  1.231     14.04      0.79      2.84      0.674      0.047      0.025
  1.812     14.69      0.78      2.97      0.897      0.068      0.030
    		      
    		   		 
==========================================================================
    				XENON
==========================================================================

--------------------------------------------------------------------------
                             nu-dependance

 nu(GeV)     z      Q2(GeV2)   pt2(GeV2)     R        stat       syst
--------------------------------------------------------------------------

                        0.2 < z < 0.4

  7.23      0.34      2.16      0.134      0.643      0.010      0.027
  9.12      0.30      2.29      0.116      0.681      0.007      0.029
 11.04      0.29      2.43      0.121      0.712      0.006      0.030
 13.02      0.29      2.53      0.140      0.740      0.006      0.031
 15.01      0.28      2.58      0.168      0.753      0.006      0.031
 17.00      0.28      2.54      0.199      0.776      0.006      0.029
 18.97      0.28      2.40      0.236      0.791      0.007      0.026
 21.57      0.28      2.09      0.290      0.839      0.008      0.026

                        0.4 < z < 0.7

  7.09      0.52      2.00      0.179      0.625      0.009      0.025
  9.06      0.52      2.15      0.171      0.626      0.008      0.026
 11.03      0.52      2.33      0.190      0.652      0.007      0.025
 13.00      0.52      2.49      0.225      0.684      0.008      0.023
 14.99      0.51      2.62      0.269      0.714      0.009      0.022
 16.96      0.51      2.59      0.326      0.736      0.010      0.023
 18.94      0.51      2.46      0.398      0.751      0.012      0.023
 21.46      0.50      2.12      0.504      0.796      0.016      0.024

                          z > 0.7

  7.11      0.83      1.83      0.209      0.539      0.013      0.033
  9.06      0.83      2.00      0.174      0.536      0.011      0.033
 11.01      0.82      2.20      0.180      0.566      0.011      0.034
 12.99      0.81      2.43      0.207      0.595      0.012      0.033
 14.94      0.81      2.55      0.237      0.661      0.016      0.034
 16.90      0.78      2.58      0.293      0.656      0.021      0.025
 18.80      0.75      2.52      0.349      0.713      0.038      0.026
 20.49      0.71      2.27      0.490      0.808      0.115      0.028
 
--------------------------------------------------------------------------
                             Q2-dependance
    			     
 Q2(GeV2)  nu(GeV)     z      pt2(GeV2)      R        stat       syst
--------------------------------------------------------------------------

                        0.2 < z < 0.4

  1.35     15.65      0.28      0.196      0.751      0.004      0.029
  1.92     15.54      0.28      0.192      0.755      0.006      0.029
  2.69     15.58      0.28      0.187      0.764      0.005      0.030
  3.78     15.59      0.28      0.184      0.780      0.007      0.030
  4.87     15.61      0.28      0.180      0.798      0.010      0.031
  5.93     15.42      0.28      0.175      0.795      0.013      0.032
  7.33     15.08      0.28      0.176      0.816      0.014      0.033
  9.97     14.62      0.29      0.164      0.781      0.021      0.032

    	            0.4 < z < 0.7

  1.41     13.99      0.52      0.282      0.693      0.006      0.021
  1.96     13.76      0.52      0.270      0.683      0.007      0.021
  2.75     14.10      0.51      0.277      0.698      0.007      0.022
  3.85     14.49      0.51      0.279      0.731      0.010      0.023
  4.88     14.63      0.51      0.271      0.744      0.014      0.023
  5.93     14.60      0.52      0.271      0.737      0.018      0.023
  7.34     14.60      0.51      0.281      0.720      0.019      0.022
  9.86     14.51      0.51      0.265      0.712      0.029      0.022

    		       z > 0.7

  1.38     11.94      0.81      0.179      0.622      0.010      0.036
  1.91     11.79      0.81      0.205      0.570      0.012      0.032
  2.66     12.09      0.81      0.227      0.581      0.012      0.031
  3.74     12.65      0.81      0.276      0.593      0.018      0.029
  4.76     13.14      0.81      0.303      0.630      0.026      0.030
  5.77     13.50      0.81      0.281      0.622      0.034      0.030
  7.14     13.61      0.81      0.297      0.575      0.034      0.028
  9.59     13.77      0.81      0.314      0.647      0.058      0.030
  
--------------------------------------------------------------------------
                             pt2-dependance
    			
pt2(GeV2)  nu(GeV)      z      Q2(GeV2)      R        stat       syst
--------------------------------------------------------------------------

                         0.2 < z < 0.4

  0.023     13.55      0.28      2.64      0.703      0.004      0.028
  0.073     14.94      0.28      2.67      0.717      0.005      0.020
  0.182     16.21      0.28      2.57      0.750      0.004      0.029
  0.380     17.01      0.29      2.54      0.823      0.008      0.026
  0.581     17.76      0.31      2.55      0.903      0.015      0.027
  0.782     18.28      0.32      2.60      0.990      0.029      0.030
  0.983     18.80      0.33      2.64      1.104      0.053      0.032
  1.216     19.38      0.34      2.59      1.167      0.084      0.034
  1.646     20.11      0.35      2.50      1.433      0.161      0.042

    		     0.4 < z < 0.7

  0.024     12.24      0.51      2.46      0.638      0.007      0.019
  0.073     12.89      0.52      2.55      0.661      0.008      0.019
  0.183     14.07      0.52      2.62      0.692      0.005      0.027
  0.386     15.26      0.51      2.65      0.690      0.009      0.021
  0.588     15.86      0.51      2.62      0.718      0.013      0.022
  0.788     16.33      0.52      2.57      0.789      0.020      0.024
  0.990     16.76      0.52      2.55      0.816      0.028      0.024
  1.228     17.09      0.53      2.59      0.915      0.036      0.027
  1.789     18.18      0.54      2.54      1.109      0.051      0.032

    		     	 z > 0.7

  0.023     11.69      0.83      2.08      0.591      0.011      0.034
  0.073     12.15      0.81      2.13      0.641      0.013      0.032
  0.181     12.03      0.81      2.41      0.562      0.009      0.030
  0.384     12.41      0.80      2.77      0.557      0.015      0.025
  0.585     12.80      0.80      2.86      0.577      0.024      0.025
  0.786     13.30      0.79      2.79      0.630      0.036      0.025
  0.992     13.60      0.79      2.86      0.613      0.048      0.025
  1.229     13.85      0.78      3.08      0.639      0.059      0.024
  1.820     14.84      0.78      2.82      0.759      0.078      0.028
				 
			       	     


