
**************************************************************************

   These are published data of the HERMES Collaboration.                  
   You are free to use these data in any publication. However, you must   
   make a reference to the following publication:                         

   A. Airapetian et al, Nucl. Phys. B 780 (2007) 1-27 

**************************************************************************


==========================================================================
				HELIUM
==========================================================================

--------------------------------------------------------------------------
                             nu-dependance

 nu(GeV)     z      Q2(GeV2)   pt2(GeV2)     R        stat       syst
--------------------------------------------------------------------------

                        pt2 < 0.7 GeV2

  7.14      0.51      1.98      0.138      0.968      0.009      0.033
  9.08      0.46      2.18      0.121      0.948      0.007      0.033
 11.02      0.43      2.35      0.126      0.954      0.006      0.033
 13.00      0.42      2.49      0.143      0.963      0.006      0.033
 14.98      0.39      2.59      0.164      0.969      0.006      0.033
 16.96      0.37      2.57      0.186      0.970      0.007      0.032
 18.96      0.34      2.46      0.215      0.961      0.008      0.030
 21.55      0.32      2.12      0.251      0.966      0.010      0.029

                       pt2 > 0.7 GeV2 

  7.09      0.64      2.56      0.953      0.964      0.072      0.028
  9.06      0.59      2.50      0.960      0.973      0.058      0.028
 11.06      0.58      2.48      0.946      0.952      0.048      0.028
 13.07      0.56      2.42      0.974      0.993      0.042      0.029
 15.05      0.54      2.43      0.980      0.965      0.036      0.028
 17.04      0.50      2.37      0.979      0.993      0.035      0.029
 19.00      0.47      2.36      1.023      0.978      0.035      0.028
 21.65      0.42      2.09      1.028      0.949      0.032      0.028
 
--------------------------------------------------------------------------
                             z-dependance
    		    
   z      nu(GeV)   Q2(GeV2)   pt2(GeV2)     R        stat       syst
--------------------------------------------------------------------------

                       pt2 < 0.7 GeV2

  0.25     15.77      2.58      0.150      0.958      0.004      0.033
  0.35     14.44      2.61      0.174      0.955      0.005      0.032
  0.45     13.85      2.61      0.186      0.968      0.007      0.032
  0.55     13.44      2.56      0.190      0.963      0.009      0.032
  0.65     13.04      2.50      0.190      0.983      0.011      0.032
  0.75     12.38      2.38      0.176      0.981      0.013      0.034
  0.85     11.66      2.29      0.150      1.008      0.016      0.046
  0.96     10.50      2.19      0.128      0.909      0.018      0.035

    		   pt2 > 0.7 GeV2

  0.27     19.74      2.43      0.849      1.029      0.054      0.030
  0.35     18.45      2.48      0.922      0.961      0.031      0.028
  0.45     17.30      2.41      0.997      0.954      0.028      0.028
  0.55     16.61      2.44      1.045      0.986      0.031      0.029
  0.64     16.12      2.58      1.101      0.936      0.035      0.027
  0.74     14.64      2.71      1.072      0.915      0.046      0.028
  0.84     13.07      2.72      1.009      0.951      0.070      0.039
  0.97     10.93      3.02      1.026      0.874      0.110      0.029
    		   
--------------------------------------------------------------------------
                             Q2-dependance
    		       
 Q2(GeV2)  nu(GeV)     z      pt2(GeV2)      R        stat       syst
--------------------------------------------------------------------------

                       pt2 < 0.7 GeV2

  1.36     14.38      0.41      0.172      0.952      0.005      0.032
  1.90     14.22      0.41      0.167      0.962      0.006      0.033
  2.66     14.48      0.40      0.166      0.964      0.005      0.033
  3.71     14.70      0.39      0.165      0.976      0.007      0.033
  4.77     14.83      0.39      0.165      0.978      0.010      0.033
  5.79     14.82      0.39      0.163      0.971      0.013      0.033
  7.18     14.66      0.38      0.161      0.963      0.014      0.033
  9.79     14.57      0.39      0.155      0.990      0.022      0.034

   		           pt2 > 0.7 GeV2 

  1.30     17.38      0.49      1.001      0.947      0.025      0.027
  1.85     17.15      0.49      0.986      0.962      0.030      0.028
  2.62     17.18      0.50      1.007      0.954      0.028      0.028
  3.63     16.76      0.50      0.988      1.001      0.041      0.029
  4.87     16.84      0.50      0.995      0.989      0.054      0.029
  5.67     15.93      0.53      0.984      0.939      0.071      0.027
  7.19     15.66      0.52      0.997      1.100      0.081      0.032
 10.25     14.70      0.55      1.045      0.742      0.104      0.022
    		      

==========================================================================
    				NEON
==========================================================================

--------------------------------------------------------------------------
                             nu-dependance

 nu(GeV)     z      Q2(GeV2)   pt2(GeV2)     R        stat       syst
--------------------------------------------------------------------------

                          pt2 < 0.7 GeV2

  7.14      0.51      1.98      0.143      0.844      0.006      0.031
  9.09      0.46      2.18      0.123      0.855      0.004      0.032
 11.03      0.43      2.35      0.127      0.871      0.004      0.032
 13.00      0.41      2.49      0.144      0.885      0.004      0.033
 14.99      0.39      2.59      0.164      0.894      0.004      0.032
 16.97      0.37      2.57      0.188      0.907      0.005      0.032
 18.96      0.34      2.46      0.214      0.916      0.006      0.030
 21.54      0.32      2.12      0.248      0.919      0.006      0.028

                          pt2 > 0.7 GeV2

  7.05      0.64      2.56      0.965      1.005      0.051      0.030
  9.05      0.59      2.49      0.968      0.952      0.039      0.028
 11.05      0.56      2.49      0.982      0.955      0.033      0.028
 13.05      0.55      2.42      0.981      0.987      0.029      0.029
 15.04      0.53      2.43      0.986      0.903      0.024      0.026
 17.02      0.50      2.37      1.007      0.932      0.023      0.027
 19.00      0.46      2.36      1.023      0.927      0.023      0.027
 21.66      0.42      2.09      1.039      0.962      0.021      0.028
 
--------------------------------------------------------------------------
                             z-dependance
    			   
   z      nu(GeV)   Q2(GeV2)   pt2(GeV2)     R        stat       syst
--------------------------------------------------------------------------

                          pt2 < 0.7 GeV2

  0.25     15.82      2.59      0.151      0.900      0.003      0.033
  0.34     14.54      2.62      0.177      0.884      0.003      0.031
  0.44     13.92      2.62      0.188      0.881      0.004      0.030
  0.55     13.52      2.57      0.193      0.882      0.005      0.030
  0.65     13.15      2.51      0.191      0.879      0.007      0.031
  0.75     12.48      2.40      0.175      0.881      0.008      0.033
  0.85     11.70      2.29      0.145      0.867      0.010      0.046
  0.95     10.67      2.24      0.125      0.784      0.011      0.034

    		      pt2 > 0.7 GeV2

  0.26     19.77      2.42      0.851      1.031      0.037      0.030
  0.35     18.28      2.45      0.936      0.983      0.022      0.029
  0.45     17.24      2.39      1.006      0.934      0.019      0.027
  0.55     16.63      2.46      1.074      0.954      0.021      0.028
  0.64     16.20      2.56      1.109      0.858      0.022      0.026
  0.74     14.65      2.70      1.074      0.857      0.030      0.027
  0.84     12.97      2.72      1.052      0.819      0.043      0.038
  0.97     10.85      3.11      1.128      0.875      0.074      0.031
  
--------------------------------------------------------------------------
                             Q2-dependance
    			   
 Q2(GeV2)  nu(GeV)     z      pt2(GeV2)      R        stat       syst
--------------------------------------------------------------------------

                         pt2 < 0.7 GeV2

  1.37     14.48      0.40      0.173      0.883      0.003      0.032
  1.91     14.34      0.40      0.168      0.890      0.004      0.032
  2.68     14.56      0.39      0.169      0.892      0.004      0.032
  3.73     14.82      0.39      0.168      0.895      0.005      0.032
  4.80     14.91      0.38      0.167      0.904      0.007      0.033
  5.82     14.85      0.38      0.163      0.917      0.009      0.033
  7.18     14.73      0.38      0.166      0.929      0.009      0.033
  9.83     14.62      0.38      0.159      0.919      0.015      0.033

                         pt2 > 0.7 GeV2

  1.30     17.42      0.48      1.008      0.902      0.016      0.025
  1.84     17.17      0.49      1.003      0.940      0.021      0.027
  2.63     17.23      0.49      1.016      0.949      0.020      0.028
  3.67     16.82      0.50      1.008      0.998      0.029      0.029
  4.72     16.61      0.50      1.017      0.995      0.039      0.029
  5.73     16.00      0.51      1.009      1.027      0.053      0.030
  7.20     15.36      0.52      1.007      0.947      0.052      0.027
  9.53     14.20      0.56      1.096      0.965      0.086      0.028
  
                            
==========================================================================
    				KRYPTON
==========================================================================

--------------------------------------------------------------------------
                             nu-dependance

 nu(GeV)     z      Q2(GeV2)   pt2(GeV2)     R        stat       syst
--------------------------------------------------------------------------

                        pt2 < 0.7 GeV2

  7.15      0.50      2.01      0.144      0.669      0.005      0.027
  9.09      0.44      2.19      0.125      0.698      0.004      0.028
 11.03      0.42      2.37      0.129      0.728      0.003      0.029
 13.01      0.40      2.51      0.146      0.753      0.003      0.030
 14.99      0.39      2.59      0.166      0.778      0.004      0.030
 16.98      0.36      2.57      0.191      0.797      0.004      0.029
 18.96      0.34      2.44      0.217      0.824      0.005      0.028
 21.53      0.31      2.12      0.253      0.859      0.006      0.027

                        pt2 > 0.7 GeV2

  7.09      0.61      2.64      0.993      0.862      0.044      0.026
  9.11      0.57      2.53      0.942      0.946      0.039      0.027
 11.08      0.55      2.50      0.978      0.852      0.030      0.025
 13.04      0.53      2.43      0.999      0.902      0.027      0.026
 15.04      0.52      2.43      1.001      0.891      0.023      0.026
 17.03      0.49      2.40      1.018      0.873      0.021      0.025
 19.00      0.46      2.34      1.040      0.942      0.023      0.027
 21.66      0.42      2.08      1.059      0.970      0.022      0.028
 
--------------------------------------------------------------------------
                             z-dependance
    			
   z      nu(GeV)   Q2(GeV2)   pt2(GeV2)     R        stat       syst
--------------------------------------------------------------------------

                       pt2 < 0.7 GeV2

  0.25     15.91      2.62      0.156      0.806      0.003      0.031
  0.34     14.63      2.68      0.183      0.769      0.003      0.028
  0.44     14.06      2.65      0.192      0.738      0.004      0.027
  0.55     13.66      2.61      0.197      0.729      0.005      0.026
  0.65     13.37      2.57      0.195      0.716      0.006      0.026
  0.75     12.68      2.44      0.176      0.680      0.007      0.029
  0.85     11.78      2.30      0.147      0.646      0.008      0.039
  0.95     10.75      2.26      0.125      0.553      0.009      0.027

    		   pt2 > 0.7 GeV2	

  0.26     19.71      2.50      0.862      1.060      0.038      0.031
  0.35     18.21      2.46      0.951      1.015      0.022      0.029
  0.45     17.24      2.38      1.029      0.970      0.019      0.028
  0.55     16.81      2.44      1.090      0.859      0.019      0.025
  0.64     16.16      2.59      1.138      0.790      0.021      0.024
  0.74     14.66      2.71      1.121      0.722      0.026      0.024
  0.84     13.05      2.83      1.028      0.655      0.036      0.033
  0.97     10.48      2.95      1.088      0.640      0.059      0.024
  
--------------------------------------------------------------------------
                             Q2-dependance

 Q2(GeV2)  nu(GeV)     z      pt2(GeV2)      R        stat       syst
--------------------------------------------------------------------------

                       pt2 < 0.7 GeV2

  1.39     14.65      0.40      0.177      0.770      0.003      0.029
  1.94     14.52      0.39      0.173      0.765      0.003      0.029
  2.72     14.76      0.38      0.173      0.768      0.003      0.029
  3.81     14.97      0.38      0.172      0.793      0.004      0.030
  4.85     15.03      0.37      0.170      0.794      0.006      0.030
  5.90     15.01      0.38      0.168      0.808      0.008      0.031
  7.28     14.79      0.37      0.166      0.810      0.008      0.032
  9.97     14.59      0.38      0.162      0.806      0.014      0.031

                       pt2 > 0.7 GeV2

  1.31     17.60      0.48      1.021      0.882      0.016      0.026
  1.86     17.27      0.48      1.023      0.891      0.019      0.026
  2.64     17.26      0.48      1.024      0.936      0.019      0.027
  3.69     16.95      0.49      1.028      0.981      0.027      0.028
  4.77     16.56      0.48      1.030      1.049      0.039      0.030
  6.01     16.22      0.49      1.042      0.991      0.049      0.029
  7.18     15.43      0.50      1.023      1.002      0.054      0.029
 10.02     14.43      0.51      0.999      0.927      0.087      0.027
    		   

==========================================================================
    				XENON
==========================================================================

--------------------------------------------------------------------------
                             nu-dependance

 nu(GeV)     z      Q2(GeV2)   pt2(GeV2)     R        stat       syst
--------------------------------------------------------------------------

                          pt2 < 0.7 GeV2

  7.15      0.50      2.01      0.146      0.611      0.006      0.026
  9.09      0.44      2.19      0.126      0.637      0.005      0.027
 11.03      0.42      2.37      0.132      0.672      0.004      0.028
 13.01      0.40      2.52      0.146      0.703      0.004      0.030
 15.00      0.39      2.59      0.169      0.729      0.005      0.030
 16.98      0.36      2.57      0.192      0.753      0.005      0.029
 18.96      0.34      2.44      0.218      0.770      0.006      0.027
 21.53      0.31      2.12      0.253      0.818      0.007      0.026

                          pt2 > 0.7 GeV2

  7.10      0.62      2.65      0.970      0.872      0.056      0.026
  9.08      0.57      2.53      0.971      0.858      0.046      0.026
 11.10      0.55      2.50      0.966      0.809      0.037      0.023
 13.06      0.53      2.44      0.982      0.896      0.034      0.026
 15.04      0.51      2.43      1.003      0.884      0.029      0.026
 17.02      0.48      2.41      1.025      0.871      0.027      0.025
 19.02      0.45      2.36      1.044      0.916      0.030      0.027
 21.68      0.42      2.08      1.062      0.948      0.027      0.027
 
--------------------------------------------------------------------------
                             z-dependance
    			  
   z      nu(GeV)   Q2(GeV2)   pt2(GeV2)     R        stat       syst
--------------------------------------------------------------------------

                         pt2 < 0.7 GeV2

  0.25     15.97      2.63      0.158      0.764      0.003      0.031
  0.34     14.69      2.69      0.185      0.717      0.004      0.028
  0.44     14.10      2.67      0.195      0.688      0.005      0.026
  0.55     13.67      2.61      0.194      0.671      0.006      0.025
  0.65     13.32      2.55      0.194      0.654      0.007      0.026
  0.75     12.62      2.43      0.176      0.619      0.008      0.027
  0.85     11.80      2.33      0.153      0.583      0.010      0.038
  0.95     10.85      2.29      0.131      0.505      0.011      0.027

    		     pt2 > 0.7 GeV2

  0.26     19.74      2.48      0.866      1.097      0.049      0.032
  0.35     18.16      2.47      0.956      1.035      0.028      0.030
  0.45     17.22      2.39      1.034      0.925      0.024      0.027
  0.55     16.77      2.43      1.093      0.837      0.024      0.024
  0.64     16.27      2.58      1.149      0.769      0.027      0.023
  0.74     14.34      2.63      1.083      0.676      0.033      0.023
  0.84     13.12      2.78      1.058      0.587      0.043      0.032
  0.97     10.68      3.08      1.060      0.608      0.074      0.024
  
--------------------------------------------------------------------------
                             Q2-dependance
    			     
 Q2(GeV2)  nu(GeV)     z      pt2(GeV2)      R        stat       syst
--------------------------------------------------------------------------

                         pt2 < 0.7 GeV2

  1.39     14.72      0.39      0.179      0.715      0.003      0.029
  1.96     14.61      0.39      0.176      0.711      0.004      0.028
  2.72     14.79      0.38      0.174      0.721      0.004      0.029
  3.82     14.99      0.38      0.175      0.743      0.005      0.030
  4.87     15.11      0.38      0.171      0.760      0.007      0.030
  5.93     15.03      0.38      0.168      0.758      0.010      0.030
  7.33     14.84      0.37      0.169      0.759      0.010      0.030
  9.88     14.53      0.38      0.165      0.743      0.016      0.030

    		     pt2 > 0.7 GeV2

  1.31     17.57      0.47      1.024      0.858      0.020      0.025
  1.86     17.33      0.47      1.023      0.860      0.024      0.026
  2.66     17.37      0.47      1.032      0.925      0.024      0.028
  3.71     16.91      0.48      1.021      0.965      0.034      0.028
  4.78     16.58      0.49      1.024      1.044      0.050      0.030
  5.87     16.13      0.48      1.003      0.991      0.062      0.029
  7.17     15.46      0.48      1.055      1.068      0.072      0.031
 10.32     14.68      0.51      1.050      1.005      0.112      0.029
			     	     
			      


