
**************************************************************************

   These are published data of the HERMES Collaboration.                  
   You are free to use these data in any publication. However, you must   
   make a reference to the following publication:                         

   A. Airapetian et al, Nucl. Phys. B 780 (2007) 1-27 

**************************************************************************


==========================================================================
				HELIUM
==========================================================================

--------------------------------------------------------------------------
                             nu-dependance
						
 nu(GeV)     z      Q2(GeV2)   pt2(GeV2)     R        stat       syst
--------------------------------------------------------------------------

                                  pi-

  5.27      0.59      1.86      0.219      0.945      0.024      0.031
  7.14      0.51      2.00      0.148      0.960      0.014      0.036
  9.08      0.46      2.18      0.130      0.941      0.010      0.037
 11.02      0.43      2.32      0.140      0.944      0.009      0.036
 13.00      0.42      2.44      0.160      0.961      0.009      0.037
 14.98      0.39      2.56      0.189      0.966      0.009      0.035
 16.97      0.37      2.52      0.222      0.971      0.010      0.031
 18.97      0.35      2.42      0.262      0.956      0.012      0.029
 21.56      0.32      2.10      0.317      0.951      0.013      0.029

                                  K-

  5.31      0.54      1.88      0.266      0.910      0.093      0.026
  7.18      0.45      2.09      0.180      0.932      0.050      0.027
  9.10      0.39      2.13      0.142      0.976      0.035      0.028
 11.02      0.36      2.34      0.137      0.934      0.028      0.027
 13.00      0.35      2.41      0.154      0.959      0.028      0.027
 14.98      0.36      2.56      0.190      0.912      0.028      0.026
 16.97      0.36      2.45      0.241      0.980      0.033      0.028
 18.98      0.35      2.42      0.278      0.936      0.037      0.027
 21.58      0.32      2.15      0.333      0.969      0.040      0.028

                                 pbar

  5.31      0.53      1.79      0.248      1.119      0.177      0.089
  7.12      0.42      2.00      0.148      0.936      0.090      0.061
  9.08      0.37      2.08      0.120      0.897      0.066      0.052
 11.06      0.38      2.28      0.172      0.890      0.054      0.026
 13.02      0.39      2.44      0.167      0.898      0.049      0.026
 14.99      0.37      2.59      0.194      0.891      0.047      0.026
 17.00      0.38      2.55      0.239      0.952      0.052      0.030
 18.99      0.37      2.49      0.266      0.968      0.062      0.028
 21.59      0.34      2.19      0.344      1.012      0.066      0.029
 
--------------------------------------------------------------------------
                             z-dependance
    					     
   z      nu(GeV)   Q2(GeV2)   pt2(GeV2)     R        stat       syst
--------------------------------------------------------------------------

                                  pi-

  0.16     18.34      2.44      0.101      0.942      0.007      0.035
  0.25     15.91      2.60      0.159      0.946      0.006      0.036
  0.34     14.64      2.61      0.204      0.955      0.008      0.032
  0.44     14.11      2.57      0.239      0.960      0.010      0.030
  0.55     13.67      2.51      0.257      0.972      0.013      0.030
  0.64     13.20      2.43      0.253      0.961      0.015      0.030
  0.75     12.48      2.29      0.216      0.979      0.019      0.035
  0.85     11.68      2.15      0.165      0.984      0.023      0.054
  0.96     10.58      2.22      0.130      0.899      0.028      0.041

                                  K-

  0.16     18.65      2.38      0.110      0.946      0.019      0.028
  0.25     15.44      2.58      0.165      0.969      0.019      0.028
  0.34     14.67      2.56      0.214      0.934      0.022      0.027
  0.44     14.06      2.59      0.244      0.959      0.029      0.027
  0.55     13.82      2.44      0.259      0.941      0.036      0.027
  0.64     14.17      2.39      0.333      0.908      0.051      0.027
  0.74     13.98      2.31      0.299      0.778      0.073      0.030
  0.84     13.49      2.40      0.225      0.925      0.134      0.044
  0.94     12.61      2.27      0.243      0.529      0.163      0.041

                                 pbar

  0.19     20.10      2.07      0.120      0.905      0.091      0.040
  0.25     16.43      2.44      0.171      0.884      0.031      0.025
  0.34     15.08      2.60      0.225      0.970      0.038      0.034
  0.45     15.34      2.68      0.276      0.943      0.050      0.027
  0.55     15.89      2.59      0.316      0.957      0.071      0.034
  0.64     15.13      2.53      0.308      0.979      0.109      0.046
  0.74     13.74      2.65      0.232      1.086      0.186      0.050
  0.83     13.11      2.88      0.205      1.172      0.360      0.079
  0.94     12.44      3.36      0.109      0.677      0.413      0.047
  
--------------------------------------------------------------------------
                             Q2-dependance
    					    
 Q2(GeV2)   nu(GeV)       z      pt2(GeV2)      R        stat       syst
--------------------------------------------------------------------------

                                  pi-

  1.37     14.60      0.41      0.203      0.943      0.007      0.032
  1.92     14.39      0.41      0.196      0.957      0.009      0.033
  2.67     14.66      0.40      0.198      0.953      0.008      0.033
  3.74     14.87      0.39      0.196      0.971      0.011      0.034
  4.78     14.97      0.38      0.199      0.980      0.015      0.034
  5.82     14.90      0.38      0.191      0.958      0.020      0.034
  7.15     14.71      0.38      0.195      0.993      0.022      0.035
  9.73     14.53      0.38      0.181      0.938      0.033      0.034

                                  K-

  1.35     14.64      0.36      0.214      0.941      0.022      0.027
  1.89     14.82      0.37      0.216      0.923      0.026      0.027
  2.65     14.88      0.35      0.206      0.978      0.025      0.028
  3.76     14.83      0.35      0.194      0.986      0.035      0.028
  4.79     15.19      0.35      0.205      0.934      0.045      0.027
  5.74     15.07      0.35      0.165      0.937      0.061      0.027
  7.18     14.56      0.34      0.199      0.848      0.062      0.024
  9.81     14.25      0.32      0.130      0.882      0.103      0.033

                                 pbar

  1.34     15.58      0.36      0.240      0.923      0.038      0.027
  1.90     15.34      0.37      0.232      0.899      0.045      0.026
  2.66     15.75      0.38      0.222      0.935      0.042      0.027
  3.69     15.99      0.38      0.224      0.957      0.059      0.029
  4.75     16.12      0.37      0.204      0.970      0.078      0.028
  5.78     15.80      0.39      0.183      1.005      0.113      0.029
  7.00     15.81      0.39      0.177      0.959      0.117      0.028
  9.72     15.29      0.39      0.160      1.073      0.215      0.031
    			        			    
    					     
==========================================================================
    				NEON
==========================================================================

--------------------------------------------------------------------------
                             nu-dependance
    					  
 nu(GeV)     z      Q2(GeV2)   pt2(GeV2)     R        stat       syst
--------------------------------------------------------------------------

                                  pi-

  5.26      0.58      1.87      0.229      0.839      0.015      0.029
  7.15      0.51      1.99      0.155      0.833      0.009      0.035
  9.09      0.46      2.16      0.135      0.845      0.006      0.035
 11.03      0.43      2.32      0.141      0.867      0.006      0.036
 13.01      0.41      2.46      0.163      0.887      0.006      0.036
 14.99      0.39      2.53      0.190      0.886      0.006      0.034
 16.98      0.37      2.55      0.229      0.904      0.007      0.031
 18.97      0.35      2.42      0.265      0.915      0.008      0.028
 21.56      0.32      2.10      0.320      0.917      0.009      0.028

                                  K-

  5.27      0.55      1.85      0.249      0.810      0.058      0.023
  7.18      0.44      1.95      0.169      0.828      0.031      0.024
  9.10      0.39      2.12      0.150      0.862      0.022      0.025
 11.04      0.36      2.26      0.142      0.836      0.018      0.024
 13.00      0.35      2.49      0.157      0.870      0.018      0.025
 14.98      0.35      2.53      0.188      0.887      0.019      0.025
 16.97      0.35      2.55      0.228      0.907      0.021      0.026
 18.96      0.35      2.38      0.276      0.919      0.025      0.026
 21.53      0.33      2.14      0.350      0.902      0.025      0.026

                                 pbar

  5.33      0.51      1.81      0.227      0.831      0.100      0.024
  7.13      0.42      1.89      0.161      0.710      0.051      0.023
  9.07      0.38      2.06      0.138      0.794      0.041      0.023
 11.03      0.37      2.32      0.149      0.786      0.034      0.024
 13.02      0.38      2.47      0.172      0.740      0.029      0.022
 15.01      0.37      2.51      0.203      0.804      0.030      0.027
 17.00      0.36      2.55      0.243      0.771      0.031      0.025
 19.00      0.36      2.46      0.297      0.857      0.039      0.027
 21.61      0.34      2.15      0.361      0.854      0.040      0.029
 
--------------------------------------------------------------------------
                             z-dependance
    					    
   z      nu(GeV)   Q2(GeV2)   pt2(GeV2)     R        stat       syst
--------------------------------------------------------------------------

                                  pi-

  0.16     18.39      2.45      0.102      0.898      0.004      0.036
  0.25     15.97      2.58      0.161      0.889      0.004      0.036
  0.34     14.77      2.61      0.210      0.881      0.005      0.033
  0.45     14.19      2.58      0.247      0.883      0.006      0.029
  0.55     13.78      2.51      0.267      0.879      0.008      0.028
  0.65     13.38      2.43      0.262      0.879      0.010      0.029
  0.75     12.57      2.29      0.218      0.876      0.012      0.034
  0.85     11.78      2.14      0.167      0.877      0.015      0.056
  0.95     10.68      2.16      0.137      0.787      0.017      0.041

                                  K-

  0.16     18.62      2.44      0.110      0.933      0.013      0.027
  0.25     15.52      2.56      0.163      0.904      0.012      0.026
  0.35     14.51      2.59      0.223      0.874      0.014      0.025
  0.44     14.15      2.49      0.244      0.876      0.018      0.025
  0.54     14.31      2.44      0.287      0.873      0.024      0.025
  0.64     14.35      2.45      0.317      0.761      0.031      0.022
  0.74     14.14      2.36      0.301      0.792      0.049      0.023
  0.84     13.79      2.43      0.235      0.700      0.076      0.022
  0.94     12.60      2.10      0.178      0.483      0.099      0.028

                                 pbar

  0.19     19.96      2.02      0.123      0.794      0.056      0.041
  0.25     16.42      2.46      0.176      0.778      0.019      0.024
  0.34     15.12      2.61      0.229      0.797      0.022      0.023
  0.44     15.69      2.59      0.307      0.820      0.031      0.027
  0.54     15.75      2.54      0.317      0.837      0.043      0.033
  0.64     15.01      2.53      0.343      0.771      0.063      0.032
  0.74     13.56      2.49      0.313      0.750      0.099      0.054
  0.84     12.85      2.22      0.200      0.802      0.191      0.052
  0.97     12.00      2.52      0.169      0.854      0.315      0.056
  
--------------------------------------------------------------------------
                             Q2-dependance
    					   
 Q2(GeV2)   nu(GeV)       z      pt2(GeV2)      R        stat       syst
--------------------------------------------------------------------------

                                  pi-

  1.35     14.69      0.41      0.207      0.877      0.004      0.032
  1.91     14.57      0.40      0.203      0.890      0.006      0.033
  2.66     14.76      0.39      0.202      0.883      0.005      0.033
  3.75     15.01      0.38      0.204      0.889      0.007      0.034
  4.78     15.06      0.38      0.200      0.912      0.010      0.035
  5.78     14.89      0.38      0.196      0.919      0.014      0.035
  7.15     14.83      0.38      0.197      0.927      0.014      0.035
  9.74     14.59      0.38      0.193      0.899      0.023      0.035

                                  K-

  1.36     14.79      0.36      0.218      0.883      0.015      0.025
  1.90     14.67      0.36      0.208      0.865      0.017      0.025
  2.65     14.87      0.36      0.203      0.886      0.017      0.025
  3.71     15.22      0.35      0.213      0.900      0.023      0.026
  4.74     15.31      0.35      0.200      0.875      0.030      0.025
  5.75     14.95      0.35      0.210      0.923      0.042      0.026
  7.03     14.98      0.34      0.211      0.862      0.043      0.025
  9.75     14.52      0.34      0.166      0.895      0.073      0.027

                                 pbar

  1.35     15.68      0.37      0.254      0.789      0.023      0.025
  1.90     15.55      0.37      0.245      0.769      0.028      0.024
  2.63     15.75      0.37      0.227      0.841      0.027      0.027
  3.71     15.95      0.37      0.227      0.795      0.037      0.028
  4.74     16.10      0.37      0.219      0.821      0.049      0.025
  5.77     15.84      0.37      0.193      0.798      0.068      0.026
  6.98     15.44      0.36      0.180      0.747      0.069      0.023
  9.85     15.67      0.39      0.196      0.837      0.130      0.025
    			 
    					  
==========================================================================
    				KRYPTON
==========================================================================

--------------------------------------------------------------------------
                             nu-dependance
    					  
 nu(GeV)     z      Q2(GeV2)   pt2(GeV2)     R        stat       syst
--------------------------------------------------------------------------

                                  pi-

  5.27      0.58      1.88      0.231      0.637      0.012      0.024
  7.16      0.50      2.00      0.156      0.675      0.007      0.031
  9.09      0.45      2.18      0.138      0.695      0.005      0.033
 11.03      0.42      2.32      0.143      0.727      0.005      0.034
 13.01      0.40      2.46      0.168      0.761      0.005      0.035
 15.00      0.39      2.53      0.196      0.783      0.005      0.033
 16.98      0.37      2.55      0.233      0.807      0.006      0.029
 18.97      0.34      2.45      0.271      0.823      0.007      0.027
 21.55      0.32      2.14      0.333      0.864      0.009      0.028

                                  K-

  5.33      0.54      1.81      0.279      0.688      0.054      0.020
  7.16      0.45      1.99      0.185      0.646      0.026      0.019
  9.11      0.38      2.19      0.159      0.687      0.019      0.020
 11.05      0.36      2.34      0.154      0.746      0.017      0.022
 13.00      0.34      2.41      0.165      0.771      0.016      0.022
 14.99      0.34      2.53      0.195      0.773      0.017      0.022
 16.96      0.35      2.55      0.233      0.813      0.020      0.023
 18.96      0.34      2.42      0.281      0.825      0.023      0.024
 21.56      0.33      2.10      0.347      0.892      0.025      0.026

                                 pbar

  5.27      0.52      2.02      0.235      0.547      0.064      0.055
  7.15      0.42      1.89      0.169      0.499      0.036      0.057
  9.08      0.38      2.05      0.146      0.545      0.029      0.045
 11.06      0.37      2.20      0.157      0.580      0.025      0.040
 13.04      0.37      2.40      0.183      0.594      0.024      0.033
 15.02      0.36      2.56      0.208      0.626      0.024      0.033
 16.97      0.36      2.55      0.249      0.661      0.027      0.039
 18.99      0.36      2.42      0.304      0.729      0.033      0.041
 21.62      0.33      2.15      0.366      0.811      0.038      0.036
 
--------------------------------------------------------------------------
                             z-dependance
    					      
   z      nu(GeV)   Q2(GeV2)   pt2(GeV2)     R        stat       syst
--------------------------------------------------------------------------

                                  pi-

  0.16     18.40      2.45      0.103      0.855      0.004      0.038
  0.25     16.03      2.59      0.166      0.804      0.004      0.037
  0.34     14.84      2.62      0.221      0.774      0.004      0.031
  0.44     14.33      2.61      0.260      0.745      0.006      0.026
  0.55     13.94      2.54      0.280      0.742      0.007      0.024
  0.65     13.57      2.44      0.273      0.726      0.009      0.025
  0.75     12.82      2.31      0.228      0.697      0.010      0.029
  0.85     11.84      2.18      0.169      0.681      0.012      0.050
  0.95     10.78      2.16      0.137      0.576      0.014      0.034

                                  K-

  0.16     18.65      2.38      0.115      0.875      0.012      0.027
  0.25     15.70      2.56      0.174      0.822      0.011      0.025
  0.34     14.72      2.60      0.227      0.783      0.013      0.023
  0.44     14.40      2.51      0.265      0.760      0.016      0.022
  0.54     14.24      2.43      0.298      0.709      0.020      0.020
  0.64     14.54      2.45      0.330      0.673      0.028      0.022
  0.74     13.83      2.39      0.332      0.636      0.042      0.018
  0.84     13.31      2.40      0.226      0.630      0.070      0.039
  0.95     12.89      2.27      0.140      0.668      0.145      0.050

                                 pbar

  0.19     20.09      2.07      0.132      0.586      0.042      0.074
  0.25     16.56      2.42      0.179      0.664      0.016      0.037
  0.34     15.24      2.57      0.246      0.667      0.019      0.036
  0.44     15.73      2.63      0.309      0.648      0.025      0.022
  0.54     15.80      2.52      0.347      0.599      0.034      0.030
  0.64     15.16      2.42      0.354      0.569      0.047      0.050
  0.74     14.12      2.62      0.406      0.472      0.065      0.061
  0.85     13.26      2.91      0.318      0.297      0.074      0.106
  0.97     11.28      3.01      0.345      0.201      0.073      0.041
  
--------------------------------------------------------------------------
                             Q2-dependance
    					      
 Q2(GeV2)   nu(GeV)       z      pt2(GeV2)      R        stat       syst
--------------------------------------------------------------------------

                                  pi-

  1.36     14.84      0.40      0.215      0.770      0.004      0.030
  1.90     14.70      0.39      0.209      0.773      0.005      0.031
  2.67     14.96      0.38      0.211      0.774      0.005      0.032
  3.74     15.10      0.38      0.210      0.798      0.007      0.033
  4.77     15.14      0.37      0.208      0.802      0.009      0.033
  5.80     15.15      0.38      0.207      0.817      0.012      0.034
  7.15     14.82      0.37      0.201      0.824      0.013      0.035
  9.71     14.50      0.38      0.193      0.841      0.022      0.035

                                  K-

  1.35     15.00      0.35      0.226      0.793      0.013      0.023
  1.88     14.92      0.35      0.222      0.788      0.016      0.023
  2.64     15.16      0.35      0.217      0.795      0.015      0.023
  3.71     15.22      0.34      0.211      0.774      0.020      0.022
  4.73     15.29      0.34      0.213      0.806      0.029      0.024
  5.76     15.12      0.34      0.207      0.808      0.038      0.023
  7.15     14.82      0.34      0.202      0.756      0.040      0.022
  9.64     14.32      0.34      0.186      0.898      0.074      0.026

                                 pbar

  1.37     15.81      0.36      0.259      0.635      0.019      0.036
  1.90     15.59      0.36      0.242      0.681      0.024      0.026
  2.65     15.85      0.36      0.243      0.655      0.022      0.043
  3.70     16.16      0.36      0.240      0.648      0.030      0.054
  4.68     16.62      0.36      0.245      0.703      0.043      0.034
  5.72     16.04      0.36      0.195      0.690      0.059      0.026
  7.07     15.64      0.38      0.232      0.641      0.060      0.037
 10.10     15.34      0.43      0.278      0.661      0.112      0.045
    			  
    			   
==========================================================================
    				XENON
==========================================================================

--------------------------------------------------------------------------
                             nu-dependance
    					       
 nu(GeV)     z      Q2(GeV2)   pt2(GeV2)     R        stat       syst
--------------------------------------------------------------------------

                                  pi-

  5.26      0.58      1.88      0.228      0.592      0.015      0.023
  7.15      0.50      2.03      0.157      0.621      0.009      0.030
  9.10      0.45      2.17      0.138      0.643      0.007      0.032
 11.03      0.42      2.36      0.148      0.679      0.006      0.034
 13.01      0.40      2.46      0.169      0.706      0.006      0.034
 15.01      0.39      2.53      0.201      0.744      0.007      0.033
 16.98      0.36      2.52      0.236      0.761      0.008      0.029
 18.96      0.34      2.45      0.276      0.786      0.009      0.027
 21.55      0.32      2.14      0.336      0.821      0.011      0.026

                                  K-

  5.29      0.54      1.88      0.277      0.626      0.064      0.021
  7.24      0.44      2.02      0.198      0.618      0.033      0.019
  9.11      0.38      2.14      0.162      0.663      0.024      0.019
 11.05      0.35      2.28      0.149      0.713      0.021      0.021
 12.99      0.35      2.44      0.173      0.741      0.021      0.022
 14.97      0.34      2.56      0.197      0.753      0.022      0.022
 16.98      0.35      2.55      0.233      0.768      0.024      0.022
 18.99      0.34      2.42      0.289      0.786      0.029      0.023
 21.55      0.32      2.14      0.356      0.813      0.031      0.023

                                 pbar

  5.15      0.53      1.88      0.224      0.358      0.063      0.048
  7.16      0.42      1.96      0.163      0.417      0.041      0.054
  9.04      0.38      2.05      0.165      0.460      0.033      0.052
 11.06      0.35      2.16      0.142      0.449      0.027      0.035
 13.08      0.36      2.45      0.181      0.520      0.028      0.032
 14.98      0.37      2.44      0.234      0.568      0.029      0.040
 17.00      0.37      2.55      0.263      0.593      0.032      0.049
 18.96      0.36      2.45      0.307      0.658      0.039      0.020
 21.64      0.34      2.15      0.364      0.761      0.047      0.024
 
--------------------------------------------------------------------------
                             z-dependance
    						
   z      nu(GeV)   Q2(GeV2)   pt2(GeV2)     R        stat       syst
--------------------------------------------------------------------------

                                  pi-

  0.16     18.42      2.45      0.104      0.836      0.005      0.038
  0.25     16.09      2.60      0.169      0.765      0.005      0.037
  0.34     14.89      2.63      0.225      0.726      0.005      0.030
  0.44     14.34      2.58      0.267      0.706      0.007      0.025
  0.55     13.95      2.54      0.277      0.693      0.009      0.024
  0.64     13.53      2.44      0.278      0.672      0.010      0.024
  0.75     12.74      2.32      0.228      0.634      0.012      0.029
  0.85     11.83      2.20      0.175      0.597      0.015      0.048
  0.95     10.79      2.21      0.138      0.536      0.017      0.034

                                  K-

  0.16     18.64      2.38      0.114      0.918      0.016      0.034
  0.25     15.62      2.55      0.178      0.811      0.014      0.027
  0.34     14.68      2.56      0.233      0.728      0.016      0.021
  0.44     14.44      2.55      0.269      0.675      0.020      0.020
  0.55     14.34      2.47      0.290      0.673      0.026      0.020
  0.64     14.55      2.46      0.345      0.634      0.036      0.018
  0.74     13.43      2.44      0.291      0.587      0.053      0.019
  0.83     13.30      2.42      0.238      0.631      0.096      0.026
  0.95     12.61      2.18      0.399      0.892      0.251      0.045

                                 pbar

  0.19     20.15      2.04      0.136      0.449      0.045      0.088
  0.25     16.50      2.45      0.183      0.557      0.018      0.046
  0.35     15.43      2.61      0.262      0.627      0.023      0.021
  0.45     16.03      2.59      0.314      0.582      0.031      0.035
  0.54     15.93      2.30      0.341      0.580      0.043      0.033
  0.64     15.47      2.67      0.389      0.494      0.055      0.050
  0.74     13.76      2.94      0.382      0.352      0.068      0.063
  0.84     13.39      2.03      0.349      0.245      0.081      0.011
  0.94     12.57      2.10      0.197      0.065      0.050      0.046
  
--------------------------------------------------------------------------
                             Q2-dependance
    					      
 Q2(GeV2)   nu(GeV)       z      pt2(GeV2)      R        stat       syst
--------------------------------------------------------------------------

                                  pi-

  1.34     14.88      0.40      0.218      0.721      0.005      0.030
  1.91     14.80      0.39      0.214      0.722      0.006      0.031
  2.67     14.99      0.38      0.214      0.736      0.006      0.032
  3.74     15.12      0.38      0.215      0.751      0.008      0.032
  4.78     15.26      0.37      0.212      0.780      0.011      0.034
  5.81     15.11      0.37      0.208      0.759      0.015      0.033
  7.17     14.82      0.37      0.209      0.790      0.016      0.035
  9.79     14.57      0.37      0.195      0.756      0.025      0.034

                                  K-

  1.35     14.95      0.35      0.222      0.748      0.017      0.022
  1.89     14.80      0.36      0.230      0.757      0.020      0.023
  2.63     15.08      0.35      0.227      0.754      0.019      0.021
  3.69     15.37      0.35      0.217      0.735      0.025      0.022
  4.74     15.42      0.34      0.208      0.760      0.036      0.022
  5.74     15.09      0.34      0.197      0.689      0.043      0.023
  7.12     14.88      0.34      0.198      0.831      0.054      0.024
  9.65     14.58      0.34      0.216      1.000      0.102      0.031

                                 pbar

  1.36     15.70      0.36      0.267      0.560      0.022      0.037
  1.88     16.20      0.36      0.262      0.592      0.028      0.025
  2.65     15.86      0.36      0.245      0.598      0.025      0.033
  3.71     16.23      0.36      0.228      0.542      0.033      0.062
  4.74     16.29      0.35      0.250      0.601      0.049      0.043
  5.74     16.19      0.37      0.243      0.646      0.072      0.054
  7.00     16.08      0.38      0.230      0.635      0.077      0.024
  9.74     15.36      0.38      0.234      0.726      0.153      0.055
				  


