
**************************************************************************

   These are published data of the HERMES Collaboration.                  
   You are free to use these data in any publication. However, you must   
   make a reference to the following publication:                         

   A. Airapetian et al, Nucl. Phys. B 780 (2007) 1-27 

**************************************************************************


==========================================================================
				HELIUM
==========================================================================

--------------------------------------------------------------------------
                             z-dependance
				   
   z      nu(GeV)   Q2(GeV2)   pt2(GeV2)     R        stat       syst
--------------------------------------------------------------------------

                            nu bin: 6-12 GeV   

  0.25     10.18      2.40      0.097      0.952      0.008      0.030
  0.35      9.46      2.31      0.127      0.955      0.008      0.033
  0.45      9.42      2.27      0.152      0.965      0.010      0.033
  0.55      9.45      2.20      0.171      0.961      0.012      0.033
  0.65      9.45      2.16      0.185      0.973      0.015      0.032
  0.75      9.41      2.07      0.185      0.959      0.017      0.034
  0.85      9.40      2.04      0.164      0.957      0.019      0.044
  0.96      9.15      2.05      0.152      0.916      0.021      0.036

                            nu bin: 12-17 GeV

  0.25     14.57      2.57      0.130      0.972      0.007      0.034
  0.35     14.48      2.58      0.178      0.956      0.008      0.032
  0.45     14.41      2.59      0.222      0.963      0.011      0.030
  0.55     14.39      2.57      0.256      0.972      0.014      0.029
  0.65     14.31      2.55      0.266      0.983      0.017      0.029
  0.75     14.27      2.51      0.255      0.988      0.020      0.032
  0.85     14.16      2.44      0.207      1.046      0.026      0.047
  0.95     13.75      2.54      0.149      0.867      0.033      0.035

                            nu bin: 17-23.5 GeV

  0.24     19.93      2.32      0.212      0.958      0.008      0.030
  0.34     19.77      2.36      0.297      0.958      0.011      0.028
  0.44     19.64      2.40      0.371      0.977      0.015      0.028
  0.55     19.52      2.43      0.421      0.963      0.020      0.028
  0.64     19.34      2.46      0.437      0.985      0.027      0.030
  0.74     18.42      2.50      0.355      0.994      0.040      0.031
  0.82     17.56      2.52      0.313      1.209      0.105      0.050

--------------------------------------------------------------------------
                             Q2-dependance
    			    
 Q2(GeV2)  nu(GeV)     z      pt2(GeV2)      R        stat       syst
--------------------------------------------------------------------------

                               nu bin: 6-12 GeV

  1.27      9.52      0.47      0.130      0.942      0.008      0.033
  1.77      9.49      0.47      0.133      0.956      0.010      0.033
  2.48      9.61      0.45      0.139      0.962      0.009      0.033
  3.51      9.77      0.44      0.155      0.980      0.014      0.033
  4.55      9.95      0.43      0.166      0.976      0.019      0.033
  5.55     10.11      0.41      0.182      0.945      0.026      0.031
  6.87     10.26      0.41      0.202      0.993      0.030      0.032
  9.38     10.55      0.38      0.237      0.918      0.047      0.028

                               nu bin: 12-17 GeV    

  1.23     14.43      0.41      0.198      0.962      0.008      0.031
  1.73     14.40      0.41      0.187      0.971      0.009      0.032
  2.45     14.45      0.40      0.182      0.965      0.009      0.032
  3.46     14.48      0.40      0.173      0.977      0.011      0.032
  4.48     14.53      0.40      0.169      0.983      0.015      0.033
  5.51     14.59      0.40      0.167      0.987      0.018      0.034
  6.88     14.52      0.40      0.164      0.949      0.018      0.032
  9.63     14.60      0.40      0.155      1.006      0.027      0.034

                               nu bin: 17-23.5 GeV

  1.23     19.93      0.34      0.296      0.952      0.009      0.028
  1.72     19.89      0.34      0.290      0.966      0.011      0.028
  2.45     19.83      0.34      0.280      0.968      0.010      0.028
  3.44     19.55      0.35      0.264      0.976      0.013      0.029
  4.46     19.32      0.36      0.259      0.973      0.017      0.029
  5.44     19.08      0.35      0.239      0.967      0.024      0.029
  6.80     18.90      0.36      0.255      0.947      0.026      0.028
  9.08     18.22      0.37      0.200      0.971      0.048      0.031

--------------------------------------------------------------------------
                             pt2-dependance
    			   
pt2(GeV2)   nu(GeV)     z      Q2(GeV2)      R        stat       syst
--------------------------------------------------------------------------

                               nu bin: 6-12 GeV

  0.022      9.67      0.42      2.10      0.954      0.007      0.027
  0.072      9.59      0.47      2.23      0.974      0.009      0.028
  0.177      9.57      0.47      2.37      0.957      0.007      0.032
  0.380      9.56      0.49      2.50      0.934      0.014      0.027
  0.583      9.59      0.52      2.59      0.944      0.025      0.027
  0.784      9.65      0.57      2.61      0.986      0.044      0.029
  0.984      9.72      0.60      2.45      0.886      0.064      0.026
  1.224      9.58      0.64      2.53      0.875      0.088      0.025
  1.733      9.72      0.71      3.24      1.048      0.141      0.031

    			   nu bin: 12-17 GeV

  0.023     14.23      0.38      2.74      0.964      0.008      0.027
  0.073     14.38      0.39      2.63      0.982      0.010      0.027
  0.181     14.52      0.40      2.46      0.976      0.007      0.032
  0.382     14.66      0.43      2.45      0.948      0.012      0.027
  0.585     14.73      0.47      2.46      0.943      0.020      0.027
  0.785     14.78      0.51      2.45      0.988      0.033      0.029
  0.987     14.81      0.55      2.41      0.945      0.047      0.027
  1.221     14.81      0.58      2.48      0.897      0.059      0.026
  1.711     14.81      0.61      2.31      0.999      0.084      0.029

    			   nu bin: 17-23.5 GeV

  0.027     19.04      0.32      2.75      0.956      0.015      0.028
  0.075     19.51      0.32      2.44      0.966      0.015      0.028
  0.189     19.80      0.33      2.31      0.961      0.008      0.032
  0.385     20.01      0.35      2.27      0.966      0.013      0.028
  0.586     20.14      0.39      2.28      0.974      0.020      0.028
  0.787     20.09      0.42      2.26      0.972      0.030      0.028
  0.988     20.12      0.46      2.26      0.979      0.044      0.027
  1.225     20.03      0.49      2.28      0.974      0.053      0.028
  1.796     20.31      0.52      2.26      0.928      0.062      0.027
    			   
    			   
==========================================================================
    				NEON
==========================================================================

--------------------------------------------------------------------------
                             z-dependance
				
   z      nu(GeV)   Q2(GeV2)   pt2(GeV2)     R        stat       syst
--------------------------------------------------------------------------

                           nu bin: 6-12 GeV

  0.25     10.19      2.40      0.100      0.881      0.005      0.031
  0.35      9.49      2.31      0.131      0.864      0.005      0.032
  0.45      9.45      2.27      0.160      0.874      0.006      0.031
  0.55      9.46      2.21      0.178      0.873      0.008      0.031
  0.65      9.47      2.16      0.190      0.849      0.009      0.030
  0.75      9.45      2.07      0.186      0.848      0.011      0.031
  0.85      9.43      2.04      0.168      0.832      0.012      0.043
  0.96      9.21      2.06      0.157      0.767      0.013      0.033

                           nu bin: 12-17 GeV

  0.25     14.56      2.57      0.132      0.904      0.004      0.033
  0.35     14.49      2.59      0.186      0.891      0.005      0.031
  0.45     14.43      2.59      0.224      0.882      0.007      0.028
  0.55     14.38      2.57      0.263      0.888      0.009      0.027
  0.65     14.33      2.55      0.264      0.890      0.011      0.028
  0.75     14.29      2.52      0.253      0.896      0.013      0.030
  0.85     14.27      2.45      0.204      0.899      0.016      0.045
  0.94     13.74      2.54      0.151      0.823      0.022      0.036

                           nu bin: 17-23.5 GeV

  0.25     19.92      2.32      0.212      0.920      0.005      0.030
  0.34     19.78      2.36      0.303      0.917      0.007      0.028
  0.44     19.65      2.40      0.377      0.914      0.010      0.027
  0.55     19.56      2.43      0.428      0.921      0.013      0.028
  0.64     19.32      2.45      0.436      0.919      0.017      0.028
  0.74     18.43      2.50      0.364      0.945      0.026      0.031
  0.82     17.56      2.51      0.252      0.962      0.062      0.045
  
--------------------------------------------------------------------------
                             Q2-dependance
    		       
 Q2(GeV2)  nu(GeV)     z      pt2(GeV2)      R        stat       syst
--------------------------------------------------------------------------

                           nu bin: 6-12 GeV

  1.27      9.56      0.47      0.133      0.848      0.005      0.031
  1.78      9.53      0.46      0.137      0.860      0.006      0.032
  2.48      9.62      0.45      0.144      0.863      0.006      0.032
  3.52      9.80      0.44      0.159      0.884      0.009      0.032
  4.56      9.99      0.42      0.171      0.888      0.013      0.032
  5.56     10.13      0.41      0.183      0.891      0.018      0.031
  6.92     10.30      0.40      0.208      0.924      0.020      0.030
  9.29     10.50      0.39      0.257      0.867      0.032      0.026

                           nu bin: 12-17 GeV

  1.23     14.43      0.41      0.197      0.909      0.005      0.031
  1.73     14.43      0.40      0.192      0.901      0.006      0.031
  2.45     14.45      0.40      0.183      0.897      0.006      0.031
  3.47     14.50      0.40      0.179      0.887      0.007      0.031
  4.49     14.54      0.40      0.176      0.900      0.010      0.032
  5.51     14.58      0.40      0.171      0.921      0.012      0.032
  6.87     14.52      0.39      0.171      0.911      0.012      0.032
  9.62     14.60      0.40      0.168      0.919      0.018      0.033

                           nu bin: 17-23.5 GeV

  1.23     19.92      0.34      0.297      0.937      0.006      0.028
  1.72     19.88      0.34      0.289      0.924      0.007      0.028
  2.45     19.83      0.34      0.284      0.924      0.006      0.028
  3.45     19.61      0.35      0.270      0.935      0.009      0.028
  4.45     19.32      0.35      0.258      0.922      0.012      0.028
  5.44     19.08      0.35      0.250      0.927      0.016      0.028
  6.77     18.83      0.36      0.240      0.927      0.018      0.029
  9.10     18.28      0.36      0.209      0.925      0.032      0.031
    		    
--------------------------------------------------------------------------
                             pt2-dependance
    		       
 pt2(GeV2)  nu(GeV)     z      Q2(GeV2)      R        stat       syst
--------------------------------------------------------------------------

                          nu bin: 6-12 GeV

  0.022      9.72      0.42      2.11      0.852      0.004      0.024
  0.072      9.61      0.46      2.25      0.868      0.006      0.026
  0.177      9.61      0.47      2.36      0.864      0.005      0.030
  0.380      9.55      0.48      2.52      0.881      0.009      0.026
  0.583      9.54      0.52      2.62      0.878      0.016      0.025
  0.784      9.58      0.56      2.61      0.925      0.029      0.027
  0.984      9.59      0.60      2.54      0.922      0.044      0.027
  1.224      9.78      0.62      2.62      1.101      0.070      0.032
  1.729      9.75      0.69      3.24      1.185      0.106      0.037

    		     nu bin: 12-17 GeV 

  0.023     14.23      0.38      2.73      0.881      0.005      0.025
  0.073     14.38      0.39      2.62      0.901      0.006      0.025
  0.181     14.54      0.40      2.47      0.902      0.004      0.032
  0.382     14.67      0.42      2.46      0.880      0.008      0.026
  0.585     14.71      0.47      2.50      0.881      0.013      0.026
  0.785     14.77      0.50      2.51      0.941      0.022      0.027
  0.987     14.76      0.54      2.47      0.909      0.031      0.026
  1.221     14.77      0.56      2.50      0.923      0.041      0.027
  1.736     14.89      0.60      2.57      1.007      0.058      0.029

    		    nu bin: 17-23.5 GeV

  0.027     19.08      0.32      2.78      0.908      0.010      0.026
  0.075     19.51      0.33      2.45      0.931      0.010      0.028
  0.189     19.80      0.33      2.30      0.915      0.005      0.032
  0.385     19.99      0.35      2.29      0.909      0.008      0.027
  0.586     20.08      0.39      2.28      0.928      0.013      0.027
  0.787     20.15      0.42      2.23      0.926      0.020      0.027
  0.988     20.18      0.45      2.29      0.956      0.029      0.027
  1.225     20.24      0.48      2.25      0.905      0.034      0.026
  1.797     20.28      0.52      2.27      1.061      0.046      0.031
    		         
    		       
==========================================================================
    				KRYPTON
==========================================================================

--------------------------------------------------------------------------
                             z-dependance
                              
   z      nu(GeV)   Q2(GeV2)   pt2(GeV2)     R        stat       syst
--------------------------------------------------------------------------

                             nu bin: 6-12 GeV

  0.25     10.21      2.42      0.102      0.763      0.005      0.029
  0.35      9.52      2.35      0.138      0.738      0.005      0.030
  0.45      9.47      2.28      0.168      0.706      0.006      0.028
  0.55      9.48      2.23      0.183      0.701      0.007      0.027
  0.65      9.46      2.17      0.197      0.669      0.008      0.025
  0.75      9.50      2.11      0.192      0.636      0.009      0.025
  0.85      9.42      2.04      0.174      0.606      0.010      0.036
  0.96      9.23      2.08      0.162      0.540      0.010      0.026

                             nu bin: 12-17 GeV

  0.25     14.56      2.57      0.136      0.807      0.004      0.032
  0.35     14.48      2.60      0.193      0.779      0.005      0.028
  0.45     14.46      2.60      0.239      0.756      0.006      0.024
  0.55     14.39      2.57      0.268      0.742      0.008      0.023
  0.65     14.37      2.56      0.279      0.738      0.009      0.024
  0.75     14.35      2.53      0.263      0.717      0.011      0.025
  0.85     14.23      2.48      0.206      0.696      0.013      0.040
  0.94     13.79      2.54      0.143      0.595      0.017      0.030

                             nu bin: 17-23.5 GeV

  0.24     19.91      2.32      0.218      0.856      0.005      0.029
  0.34     19.79      2.36      0.318      0.843      0.007      0.025
  0.44     19.67      2.38      0.395      0.835      0.009      0.025
  0.55     19.56      2.41      0.447      0.822      0.012      0.025
  0.64     19.35      2.42      0.445      0.829      0.016      0.026
  0.74     18.42      2.49      0.362      0.767      0.023      0.026
  0.83     17.54      2.50      0.267      0.779      0.052      0.041

--------------------------------------------------------------------------
                             Q2-dependance
    			 
 Q2(GeV2)  nu(GeV)     z      pt2(GeV2)      R        stat       syst
--------------------------------------------------------------------------

                            nu bin: 6-12 GeV

  1.28      9.60      0.46      0.136      0.693      0.004      0.028
  1.78      9.56      0.45      0.140      0.698      0.005      0.028
  2.50      9.65      0.44      0.150      0.704      0.005      0.028
  3.54      9.82      0.43      0.162      0.748      0.008      0.029
  4.57     10.00      0.41      0.178      0.762      0.011      0.029
  5.56     10.10      0.41      0.199      0.739      0.016      0.027
  6.93     10.30      0.40      0.211      0.765      0.017      0.026
  9.43     10.44      0.38      0.237      0.750      0.029      0.024

    			nu bin: 12-17 GeV

  1.23     14.44      0.40      0.201      0.797      0.005      0.029
  1.73     14.44      0.39      0.197      0.788      0.006      0.028
  2.45     14.45      0.39      0.191      0.775      0.005      0.029
  3.49     14.53      0.39      0.187      0.783      0.007      0.029
  4.51     14.57      0.39      0.184      0.776      0.009      0.029
  5.53     14.62      0.39      0.178      0.805      0.011      0.031
  6.88     14.52      0.39      0.177      0.796      0.011      0.030
  9.72     14.58      0.39      0.171      0.792      0.016      0.030

    			nu bin: 17-23.5 GeV

  1.23     19.94      0.34      0.307      0.849      0.005      0.025
  1.71     19.88      0.34      0.300      0.855      0.006      0.026
  2.46     19.85      0.34      0.293      0.847      0.006      0.025
  3.45     19.61      0.34      0.281      0.860      0.008      0.026
  4.46     19.31      0.35      0.270      0.848      0.011      0.026
  5.45     19.14      0.35      0.263      0.845      0.015      0.026
  6.79     18.83      0.35      0.247      0.850      0.017      0.026
  9.10     18.22      0.37      0.217      0.840      0.031      0.029
    			
--------------------------------------------------------------------------
                             pt2-dependance
    		      
 pt2(GeV2)  nu(GeV)     z      Q2(GeV2)      R        stat       syst
--------------------------------------------------------------------------

                            nu bin: 6-12 GeV

  0.022      9.75      0.41      2.10      0.702      0.004      0.020
  0.072      9.63      0.45      2.26      0.698      0.005      0.021
  0.177      9.64      0.46      2.37      0.704      0.004      0.027
  0.379      9.61      0.47      2.53      0.746      0.008      0.022
  0.582      9.61      0.51      2.59      0.762      0.015      0.023
  0.783      9.64      0.55      2.62      0.859      0.027      0.025
  0.987      9.74      0.57      2.66      0.852      0.042      0.025
  1.224      9.60      0.62      2.76      0.942      0.061      0.028
  1.755      9.72      0.68      2.90      1.121      0.098      0.035

    		        nu bin: 12-17 GeV

  0.023     14.23      0.37      2.74      0.749      0.004      0.022
  0.073     14.40      0.38      2.60      0.771      0.006      0.022
  0.181     14.56      0.39      2.47      0.774      0.004      0.029
  0.382     14.66      0.41      2.48      0.778      0.007      0.023
  0.583     14.73      0.45      2.53      0.823      0.012      0.025
  0.785     14.75      0.49      2.55      0.851      0.020      0.025
  0.987     14.78      0.53      2.57      0.895      0.031      0.026
  1.225     14.81      0.54      2.52      0.891      0.039      0.026
  1.739     14.85      0.58      2.59      1.064      0.058      0.031

    			nu bin: 17-23.5 GeV  

  0.027     19.09      0.31      2.72      0.795      0.009      0.023
  0.074     19.51      0.32      2.47      0.825      0.009      0.025
  0.188     19.78      0.33      2.34      0.835      0.005      0.031
  0.385     20.00      0.34      2.29      0.853      0.008      0.026
  0.586     20.12      0.38      2.28      0.883      0.012      0.026
  0.787     20.16      0.41      2.27      0.908      0.020      0.026
  0.989     20.18      0.44      2.27      0.910      0.028      0.026
  1.228     20.25      0.47      2.32      0.985      0.036      0.029
  1.803     20.36      0.51      2.30      1.171      0.050      0.034
    			

==========================================================================
    				XENON
==========================================================================

--------------------------------------------------------------------------
                             z-dependance

   z      nu(GeV)   Q2(GeV2)   pt2(GeV2)     R        stat       syst
--------------------------------------------------------------------------

                           nu bin: 6-12 GeV

  0.25     10.22      2.42      0.103      0.710      0.006      0.028
  0.35      9.54      2.35      0.141      0.676      0.006      0.028
  0.45      9.47      2.29      0.168      0.646      0.007      0.026
  0.55      9.45      2.23      0.186      0.639      0.008      0.025
  0.65      9.49      2.18      0.202      0.618      0.010      0.023
  0.75      9.48      2.10      0.199      0.594      0.011      0.025
  0.85      9.43      2.03      0.177      0.546      0.012      0.035
  0.96      9.24      2.09      0.168      0.478      0.012      0.024

                           nu bin: 12-17 GeV

  0.25     14.58      2.57      0.139      0.762      0.005      0.032
  0.35     14.49      2.60      0.197      0.732      0.006      0.027
  0.44     14.47      2.60      0.243      0.718      0.008      0.023
  0.55     14.41      2.57      0.270      0.697      0.009      0.022
  0.65     14.38      2.56      0.283      0.682      0.011      0.022
  0.75     14.32      2.53      0.259      0.642      0.013      0.024
  0.85     14.27      2.49      0.214      0.626      0.016      0.038
  0.94     13.81      2.55      0.152      0.581      0.022      0.031

                           nu bin: 17-23.5 GeV

  0.25     19.93      2.30      0.223      0.822      0.006      0.028
  0.34     19.78      2.34      0.322      0.799      0.008      0.025
  0.44     19.67      2.36      0.403      0.782      0.011      0.024
  0.55     19.56      2.39      0.449      0.761      0.014      0.024
  0.64     19.35      2.40      0.456      0.746      0.020      0.024
  0.74     18.48      2.51      0.355      0.692      0.027      0.024
  0.82     17.61      2.58      0.294      0.711      0.063      0.038
  
--------------------------------------------------------------------------
                             Q2-dependance
    			 
 Q2(GeV2)  nu(GeV)     z      pt2(GeV2)      R        stat       syst
--------------------------------------------------------------------------

                           nu bin: 6-12 GeV

  1.28      9.61      0.46      0.137      0.631      0.005      0.027
  1.79      9.57      0.45      0.142      0.639      0.007      0.027
  2.50      9.67      0.44      0.149      0.651      0.006      0.027
  3.53      9.81      0.43      0.171      0.689      0.010      0.028
  4.55      9.98      0.42      0.186      0.702      0.014      0.027
  5.59     10.11      0.41      0.196      0.712      0.019      0.027
  6.94     10.31      0.40      0.227      0.711      0.021      0.024
  9.56     10.58      0.40      0.236      0.734      0.036      0.024

    		       nu bin: 12-17 GeV

  1.22     14.44      0.40      0.203      0.748      0.006      0.028
  1.74     14.48      0.39      0.203      0.731      0.007      0.027
  2.46     14.47      0.39      0.194      0.736      0.006      0.028
  3.49     14.53      0.39      0.191      0.734      0.008      0.028
  4.51     14.57      0.39      0.184      0.749      0.011      0.029
  5.52     14.64      0.39      0.176      0.742      0.013      0.029
  6.90     14.55      0.38      0.179      0.745      0.014      0.029
  9.69     14.59      0.39      0.180      0.746      0.020      0.029

    		       nu bin: 17-23.5 GeV

  1.23     19.93      0.34      0.312      0.802      0.007      0.023
  1.72     19.92      0.34      0.301      0.808      0.008      0.025
  2.44     19.86      0.34      0.297      0.804      0.007      0.025
  3.46     19.59      0.34      0.282      0.822      0.010      0.025
  4.46     19.34      0.34      0.269      0.821      0.014      0.025
  5.46     19.16      0.34      0.267      0.801      0.019      0.025
  6.80     18.84      0.35      0.264      0.820      0.021      0.025
  9.13     18.27      0.36      0.244      0.707      0.034      0.023
    		       	 
--------------------------------------------------------------------------
                             pt2-dependance
    		 
 pt2(GeV2)  nu(GeV)     z      Q2(GeV2)      R        stat       syst
--------------------------------------------------------------------------

                           nu bin: 6-12 GeV

  0.022      9.76      0.41      2.12      0.639      0.005      0.019
  0.072      9.66      0.45      2.27      0.638      0.006      0.020
  0.177      9.64      0.46      2.37      0.648      0.005      0.026
  0.379      9.62      0.47      2.56      0.700      0.010      0.022
  0.583      9.62      0.51      2.65      0.727      0.018      0.022
  0.782      9.64      0.54      2.59      0.793      0.032      0.024
  0.987      9.71      0.58      2.79      0.861      0.054      0.025
  1.222      9.57      0.61      2.80      0.955      0.077      0.029
  1.796      9.53      0.66      3.15      0.961      0.111      0.030

    		       nu bin: 12-17 GeV

  0.023     14.25      0.37      2.74      0.703      0.006      0.020
  0.073     14.40      0.38      2.61      0.716      0.007      0.021
  0.181     14.57      0.39      2.47      0.721      0.005      0.028
  0.382     14.69      0.41      2.47      0.746      0.009      0.023
  0.584     14.75      0.45      2.51      0.788      0.015      0.023
  0.785     14.74      0.49      2.51      0.855      0.026      0.026
  0.987     14.81      0.51      2.60      0.883      0.039      0.026
  1.224     14.79      0.54      2.60      0.888      0.050      0.026
  1.737     14.95      0.59      2.46      1.007      0.070      0.029

    		       nu bin: 17-23.5 GeV

  0.027     19.07      0.31      2.76      0.736      0.011      0.021
  0.075     19.53      0.32      2.46      0.769      0.011      0.024
  0.188     19.79      0.32      2.32      0.791      0.006      0.031
  0.385     19.99      0.34      2.31      0.813      0.010      0.025
  0.586     20.12      0.37      2.26      0.844      0.015      0.024
  0.788     20.18      0.41      2.35      0.877      0.025      0.026
  0.989     20.20      0.43      2.25      0.889      0.035      0.026
  1.227     20.23      0.47      2.28      0.962      0.047      0.028
  1.795     20.35      0.50      2.29      1.213      0.064      0.035
			       
				


