
**************************************************************************

   These are published data of the HERMES Collaboration.                  
   You are free to use these data in any publication. However, you must   
   make a reference to the following publication:                         

   A. Airapetian et al, Nucl. Phys. B 780 (2007) 1-27 

**************************************************************************


==========================================================================
				HELIUM
==========================================================================

------------------------------------------------------------------------------ 
Lc(fm)   nu(GeV)      z      Q2(GeV2)   pt2(GeV2)     R        stat       syst
------------------------------------------------------------------------------ 

                                   nu bin: 20-23.5 GeV

 9.97     21.60      0.24      2.11      0.241      0.960      0.013      0.010
 9.74     21.56      0.34      2.13      0.345      0.965      0.019      0.007
 9.01     21.53      0.44      2.16      0.433      0.956      0.026      0.007
 7.91     21.46      0.54      2.22      0.504      0.976      0.037      0.007
 6.56     21.27      0.64      2.24      0.528      1.010      0.052      0.009
 5.18     20.47      0.72      2.34      0.511      0.964      0.146      0.012

                                   nu bin: 17-20 GeV

 8.52     18.47      0.25      2.48      0.187      0.955      0.010      0.017
 8.32     18.43      0.34      2.49      0.261      0.952      0.014      0.009
 7.69     18.40      0.44      2.56      0.331      0.989      0.019      0.007
 6.76     18.36      0.55      2.57      0.372      0.950      0.024      0.008
 5.59     18.35      0.65      2.55      0.390      0.969      0.031      0.009
 4.25     18.24      0.74      2.47      0.341      0.995      0.042      0.014
 2.88     17.56      0.82      2.46      0.313      1.205      0.105      0.030

                                   nu bin: 14-17 GeV

 7.15     15.50      0.25      2.57      0.140      0.978      0.009      0.020
 6.98     15.47      0.34      2.61      0.195      0.955      0.011      0.016
 6.46     15.46      0.45      2.63      0.243      0.950      0.014      0.010
 5.67     15.44      0.55      2.65      0.288      0.986      0.019      0.008
 4.69     15.41      0.65      2.64      0.294      0.980      0.023      0.009
 3.54     15.40      0.75      2.51      0.283      0.983      0.029      0.014
 2.24     15.38      0.85      2.46      0.213      1.020      0.036      0.034
 0.89     14.97      0.94      2.51      0.174      0.902      0.056      0.029

                                   nu bin: 11-14 GeV

 5.79     12.54      0.25      2.51      0.110      0.944      0.008      0.020
 5.64     12.52      0.35      2.48      0.148      0.953      0.010      0.019
 5.22     12.51      0.45      2.46      0.184      0.973      0.013      0.017
 4.59     12.49      0.55      2.47      0.205      0.965      0.016      0.015
 3.79     12.47      0.65      2.40      0.223      0.981      0.020      0.013
 2.86     12.49      0.75      2.33      0.217      0.978      0.023      0.018
 1.82     12.47      0.85      2.30      0.195      1.021      0.029      0.035
 0.59     12.39      0.95      2.41      0.135      0.864      0.033      0.023

                                   nu bin: 6-11 GeV

 4.42      9.58      0.26      2.36      0.095      0.945      0.010      0.014
 3.99      8.86      0.35      2.27      0.124      0.947      0.009      0.020
 3.69      8.85      0.45      2.20      0.149      0.964      0.011      0.019
 3.25      8.85      0.55      2.14      0.166      0.954      0.014      0.019
 2.69      8.90      0.65      2.09      0.180      0.972      0.016      0.018
 2.02      8.86      0.75      2.00      0.179      0.961      0.019      0.021
 1.28      8.91      0.85      1.96      0.161      0.964      0.021      0.036
 0.33      8.71      0.96      2.01      0.154      0.928      0.024      0.026

==========================================================================
   				NEON
==========================================================================

------------------------------------------------------------------------------ 
Lc(fm)   nu(GeV)      z      Q2(GeV2)   pt2(GeV2)     R        stat       syst
------------------------------------------------------------------------------ 

                                   nu bin : 20-23.5 GeV

 9.97     21.60      0.24      2.13      0.240      0.928      0.009      0.012
 9.73     21.55      0.34      2.14      0.349      0.939      0.013      0.009
 9.00     21.52      0.44      2.18      0.443      0.910      0.018      0.009
 7.92     21.48      0.54      2.18      0.512      0.962      0.025      0.009
 6.54     21.29      0.64      2.22      0.550      0.928      0.034      0.011
 5.15     20.43      0.72      2.39      0.486      1.010      0.103      0.015

                                   nu bin: 17-20 GeV 

 8.52     18.46      0.24      2.48      0.187      0.919      0.006      0.020
 8.32     18.44      0.34      2.51      0.267      0.907      0.009      0.010
 7.70     18.41      0.44      2.54      0.332      0.922      0.012      0.009
 6.76     18.39      0.55      2.51      0.377      0.903      0.016      0.009
 5.59     18.36      0.64      2.49      0.381      0.921      0.021      0.011
 4.23     18.23      0.74      2.47      0.351      0.931      0.027      0.016
 2.87     17.56      0.82      2.36      0.252      0.975      0.062      0.038

                                  nu bin: 14-17 GeV

 7.16     15.51      0.25      2.59      0.143      0.904      0.005      0.024
 6.99     15.48      0.34      2.62      0.202      0.892      0.007      0.018
 6.46     15.46      0.45      2.64      0.245      0.878      0.009      0.012
 5.68     15.45      0.55      2.61      0.289      0.889      0.012      0.009
 4.68     15.42      0.65      2.57      0.286      0.899      0.015      0.012
 3.53     15.41      0.75      2.54      0.277      0.911      0.018      0.017
 2.24     15.39      0.85      2.40      0.220      0.946      0.024      0.041
 0.92     14.92      0.94      2.56      0.156      0.856      0.036      0.035

                                  nu bin: 11-14 GeV

 5.79     12.54      0.25      2.52      0.111      0.891      0.005      0.024
 5.65     12.53      0.35      2.49      0.154      0.883      0.007      0.023
 5.23     12.51      0.45      2.47      0.188      0.886      0.009      0.020
 4.59     12.50      0.55      2.45      0.218      0.887      0.010      0.015
 3.78     12.48      0.65      2.36      0.225      0.879      0.012      0.016
 2.85     12.47      0.75      2.34      0.213      0.874      0.015      0.022
 1.80     12.43      0.85      2.28      0.179      0.858      0.017      0.043
 0.65     12.40      0.95      2.37      0.142      0.801      0.021      0.034

                                  nu bin: 6-11 GeV

 4.43      9.59      0.25      2.36      0.098      0.868      0.006      0.019
 4.00      8.88      0.35      2.26      0.129      0.854      0.006      0.024
 3.70      8.86      0.45      2.21      0.157      0.868      0.007      0.023
 3.26      8.88      0.55      2.15      0.173      0.868      0.009      0.022
 2.69      8.88      0.65      2.09      0.187      0.843      0.010      0.021
 2.03      8.89      0.75      2.02      0.184      0.848      0.012      0.025
 1.29      8.90      0.85      1.96      0.169      0.823      0.013      0.043
 0.33      8.73      0.96      2.00      0.162      0.764      0.014      0.032


==========================================================================
   				KRYPTON
==========================================================================


------------------------------------------------------------------------------ 
Lc(fm)   nu(GeV)      z      Q2(GeV2)   pt2(GeV2)     R        stat       syst
------------------------------------------------------------------------------ 

                                   nu bin: 20-23.5 GeV

 9.96     21.58      0.24      2.13      0.250      0.872      0.008      0.014
 9.74     21.55      0.34      2.16      0.369      0.871      0.012      0.011
 8.99     21.49      0.44      2.18      0.462      0.869      0.017      0.010
 7.90     21.45      0.54      2.16      0.532      0.849      0.023      0.010
 6.53     21.27      0.64      2.16      0.534      0.854      0.032      0.013
 5.21     20.49      0.71      2.33      0.551      0.729      0.083      0.018

                                   nu bin: 17-20 GeV

 8.52     18.47      0.25      2.50      0.191      0.840      0.006      0.023
 8.32     18.44      0.34      2.53      0.278      0.817      0.008      0.011
 7.70     18.41      0.44      2.53      0.348      0.807      0.011      0.011
 6.76     18.40      0.55      2.54      0.394      0.801      0.014      0.011
 5.60     18.39      0.64      2.50      0.400      0.806      0.018      0.013
 4.23     18.25      0.74      2.48      0.345      0.769      0.023      0.020
 2.85     17.54      0.83      2.41      0.267      0.774      0.051      0.045

                                   nu bin: 14-17 GeV

 7.16     15.51      0.25      2.59      0.147      0.814      0.005      0.028
 6.98     15.47      0.34      2.63      0.210      0.789      0.007      0.020
 6.47     15.47      0.44      2.64      0.261      0.771      0.008      0.012
 5.68     15.45      0.55      2.62      0.292      0.749      0.010      0.011
 4.68     15.42      0.65      2.59      0.305      0.752      0.013      0.014
 3.53     15.44      0.75      2.51      0.283      0.751      0.016      0.020
 2.25     15.38      0.84      2.38      0.217      0.724      0.019      0.050
 0.97     14.95      0.93      2.43      0.155      0.644      0.029      0.043

                                   nu bin: 11-14 GeV

 5.79     12.55      0.25      2.52      0.115      0.794      0.005      0.013
 5.66     12.54      0.35      2.48      0.161      0.764      0.006      0.027
 5.23     12.52      0.45      2.49      0.198      0.734      0.007      0.022
 4.60     12.50      0.55      2.47      0.223      0.732      0.009      0.018
 3.79     12.52      0.65      2.35      0.236      0.704      0.011      0.018
 2.86     12.49      0.75      2.32      0.225      0.682      0.012      0.025
 1.81     12.46      0.85      2.22      0.188      0.664      0.014      0.051
 0.66     12.41      0.95      2.41      0.135      0.565      0.016      0.041

                                    nu bin: 6-11 GeV

 4.43      9.60      0.25      2.36      0.100      0.756      0.006      0.024
 4.02      8.91      0.35      2.28      0.135      0.732      0.005      0.029
 3.71      8.88      0.45      2.23      0.163      0.700      0.006      0.027
 3.26      8.90      0.55      2.16      0.179      0.694      0.007      0.025
 2.70      8.89      0.65      2.11      0.192      0.669      0.009      0.025
 2.04      8.93      0.75      2.03      0.190      0.624      0.010      0.029
 1.28      8.88      0.85      1.98      0.173      0.599      0.010      0.052
 0.34      8.74      0.96      2.03      0.168      0.537      0.011      0.038


==========================================================================
   				XENON
==========================================================================

------------------------------------------------------------------------------ 
Lc(fm)   nu(GeV)      z      Q2(GeV2)   pt2(GeV2)     R        stat       syst
------------------------------------------------------------------------------ 

                                   nu bin: 20-23.5 GeV

 9.96     21.58      0.24      2.15      0.253      0.847      0.010      0.014
 9.74     21.56      0.34      2.17      0.372      0.825      0.015      0.012
 9.01     21.51      0.44      2.14      0.473      0.807      0.021      0.011
 7.90     21.47      0.55      2.16      0.537      0.790      0.028      0.011
 6.52     21.26      0.64      2.24      0.562      0.768      0.038      0.014
 5.19     20.49      0.71      2.18      0.489      0.805      0.114      0.020

                                    nu bin: 17-20 GeV

 8.52     18.46      0.24      2.48      0.196      0.797      0.007      0.025
 8.32     18.43      0.34      2.54      0.284      0.773      0.010      0.012
 7.70     18.41      0.44      2.56      0.355      0.760      0.014      0.012
 6.76     18.37      0.54      2.54      0.394      0.736      0.017      0.012
 5.62     18.40      0.64      2.43      0.404      0.728      0.022      0.015
 4.25     18.28      0.74      2.37      0.341      0.677      0.027      0.022
 2.90     17.61      0.82      2.50      0.294      0.741      0.063      0.046

                                    nu bin: 14-17 GeV

 7.17     15.53      0.25      2.60      0.151      0.769      0.006      0.031
 6.98     15.47      0.35      2.62      0.215      0.741      0.008      0.021
 6.47     15.48      0.44      2.62      0.266      0.735      0.010      0.013
 5.68     15.45      0.55      2.64      0.295      0.712      0.013      0.012
 4.68     15.43      0.65      2.58      0.311      0.698      0.016      0.015
 3.53     15.41      0.75      2.49      0.279      0.662      0.019      0.023
 2.25     15.36      0.84      2.42      0.224      0.667      0.024      0.054
 0.97     14.92      0.93      2.50      0.165      0.648      0.038      0.047

                                    nu bin: 11-14 GeV

 5.79     12.56      0.25      2.52      0.116      0.744      0.006      0.014
 5.66     12.55      0.35      2.50      0.164      0.714      0.007      0.030
 5.23     12.52      0.45      2.50      0.203      0.690      0.009      0.023
 4.59     12.51      0.55      2.45      0.226      0.674      0.011      0.019
 3.79     12.49      0.65      2.36      0.235      0.657      0.013      0.020
 2.86     12.48      0.75      2.36      0.227      0.627      0.015      0.027
 1.82     12.47      0.85      2.27      0.188      0.577      0.017      0.056
 0.66     12.43      0.95      2.44      0.143      0.522      0.020      0.045

                                    nu bin: 6-11 GeV

 4.44      9.61      0.25      2.35      0.101      0.703      0.007      0.027
 4.02      8.92      0.35      2.28      0.137      0.669      0.006      0.031
 3.70      8.87      0.45      2.23      0.162      0.638      0.007      0.030
 3.26      8.86      0.55      2.16      0.181      0.633      0.009      0.028
 2.70      8.90      0.65      2.13      0.198      0.611      0.011      0.027
 2.03      8.89      0.75      2.05      0.194      0.582      0.012      0.031
 1.29      8.90      0.85      2.01      0.180      0.544      0.013      0.057
 0.35      8.76      0.96      2.07      0.172      0.479      0.013      0.042



